0240808A2 -29.97 30.95 14.00
1992090112 2012123112 0
DURBAN_WO_________________
22.90
23.90
23.40
24.30
23.70
22.80
23.30
25.60
25.00
23.80
25.10
24.50
19.70
24.40
24.70
21.80
21.10
33.70
33.40
22.40
23.40
16.80
19.70
22.40
22.60
22.80
20.70
23.70
25.00
24.80
22.70
24.10
25.40
23.70
21.30
26.50
29.50
19.40
20.50
24.10
25.10
22.90
23.30
26.00
23.90
27.30
22.00
23.10
33.60
26.00
22.40
25.50
30.70
25.20
24.70
25.40
23.00
30.40
23.00
24.60
24.40
25.50
30.40
27.00
22.30
28.10
27.30
28.00
27.20
32.10
27.20
26.70
30.40
27.00
24.00
26.20
19.90
21.50
23.40
29.20
24.80
22.80
24.90
29.00
25.40
24.50
22.10
22.70
26.00
30.20
31.00
26.30
25.70
25.50
28.10
25.60
25.40
27.10
28.10
29.60
30.30
27.10
24.10
27.00
28.10
26.90
25.10
28.10
28.30
27.80
28.20
26.80
29.70
28.00
23.50
25.60
26.60
28.90
25.90
28.20
24.10
27.70
29.10
29.70
28.90
30.00
31.50
31.10
31.90
31.00
24.90
29.10
27.70
27.10
28.80
27.80
28.40
28.80
29.90
28.50
25.90
28.40
29.50
30.70
34.00
27.50
21.70
23.80
26.90
28.70
28.90
29.20
28.00
23.30
27.70
30.20
25.40
28.80
33.40
36.30
23.40
27.00
30.00
30.40
30.00
29.70
29.60
30.70
23.40
24.20
27.80
29.70
30.50
31.50
27.00
24.50
27.80
27.70
27.70
29.20
28.90
28.50
29.20
27.70
27.80
27.40
28.30
28.30
30.40
31.40
30.40
31.10
31.00
30.10
33.70
27.10
27.80
28.60
29.30
28.40
29.50
30.70
27.90
25.80
27.30
27.80
27.00
27.80
28.00
28.20
28.00
28.90
29.10
30.80
28.50
28.90
-999
25.40
27.10
28.10
29.60
30.30
27.10
24.10
27.00
25.40
27.80
26.40
30.20
25.40
24.80
24.40
29.00
28.70
28.40
27.40
27.60
28.50
26.20
20.80
22.80
25.50
23.20
27.60
27.10
25.80
27.20
29.50
25.10
24.20
26.10
25.40
26.10
26.10
26.40
26.80
23.80
26.10
25.70
23.90
24.20
25.10
28.40
25.80
24.90
22.20
25.20
24.10
26.10
25.40
23.60
22.30
23.40
24.30
26.90
22.70
21.00
22.30
29.10
26.10
21.00
24.60
26.30
23.70
22.10
21.90
21.70
25.20
25.60
23.50
21.50
22.60
23.40
23.60
23.60
30.70
23.50
23.60
25.90
26.60
29.40
23.30
22.30
22.20
23.00
22.40
22.10
23.80
24.40
24.90
25.80
23.50
29.10
27.20
21.70
24.90
30.20
24.20
26.70
26.30
23.00
23.00
23.60
22.20
23.60
25.10
23.60
25.70
29.20
22.70
23.60
21.10
24.30
26.20
28.70
24.10
32.50
23.30
21.00
23.40
25.40
20.10
20.90
24.20
21.30
20.70
20.70
25.20
26.30
28.60
23.70
23.50
26.30
29.60
22.10
19.20
21.10
23.00
24.00
25.10
22.40
22.30
19.00
22.70
25.00
22.30
23.50
27.90
27.90
22.70
21.60
25.40
23.00
27.50
27.50
21.30
21.50
23.00
23.10
23.50
28.90
23.70
21.90
24.70
28.80
23.80
23.90
22.30
25.70
23.70
25.60
22.70
24.20
20.80
16.30
17.70
22.50
23.40
22.00
21.20
19.00
20.70
24.40
29.50
23.70
34.90
29.30
22.30
19.60
26.60
24.80
23.00
22.60
26.30
25.90
26.50
23.30
24.70
22.70
23.00
25.40
27.10
23.60
23.20
27.80
24.60
23.60
22.70
23.30
22.20
22.90
22.70
24.60
26.70
27.90
26.30
20.60
20.80
23.40
26.30
27.70
26.60
27.70
28.10
27.00
30.50
28.90
30.40
25.20
24.10
25.70
26.30
25.60
27.60
27.40
29.90
29.90
26.30
26.20
22.40
23.00
27.20
25.10
26.10
26.60
24.00
24.50
25.70
27.90
28.90
27.00
25.50
28.50
26.30
24.60
25.60
27.30
27.20
25.70
28.90
29.60
27.50
26.80
29.00
28.70
24.30
27.90
32.20
26.90
27.50
25.10
26.50
28.90
29.50
27.10
26.40
29.00
23.70
27.60
26.40
26.40
27.60
28.70
28.80
28.80
30.90
29.10
30.40
27.40
22.70
23.10
27.00
28.40
29.00
30.50
27.00
28.90
28.50
30.70
29.50
29.10
30.10
26.30
28.50
27.20
25.80
27.90
29.70
30.20
26.60
29.30
29.90
29.90
30.40
29.90
28.90
27.30
26.40
27.30
24.80
28.80
29.30
28.90
30.30
29.80
30.60
30.00
30.70
28.70
28.30
28.90
28.30
27.70
30.60
27.90
29.90
28.40
28.20
30.30
28.00
26.60
26.50
26.90
26.10
26.60
27.50
28.40
27.50
28.40
29.30
29.10
30.30
27.40
23.20
24.70
24.80
27.60
27.60
26.80
26.30
27.10
28.60
27.70
27.10
29.20
30.00
27.10
25.30
27.40
27.40
26.60
26.60
27.50
26.60
26.40
27.30
27.90
26.00
24.60
25.20
23.80
22.70
24.10
25.60
32.20
19.70
21.70
23.90
25.80
25.80
25.20
25.50
28.30
25.70
25.90
27.40
27.90
26.30
25.30
26.60
25.80
26.50
26.50
26.30
27.10
27.60
25.50
25.00
17.70
21.30
24.70
22.60
23.70
28.20
21.50
23.10
24.00
24.80
22.10
23.40
24.50
24.50
27.30
22.60
22.10
24.10
24.00
23.70
23.60
23.30
24.90
28.50
25.00
24.50
25.90
23.30
23.00
25.80
24.60
19.70
25.10
26.60
28.60
26.60
36.00
17.20
20.50
20.30
18.30
21.00
21.70
22.40
24.70
22.50
24.10
24.70
22.30
21.80
20.80
20.80
24.20
26.70
21.10
23.00
22.10
24.10
22.60
23.70
24.90
22.70
28.80
30.30
22.10
19.70
20.70
20.00
21.50
22.70
23.30
21.90
22.00
21.70
19.70
20.20
21.80
27.20
28.60
21.70
21.70
21.40
22.10
21.60
20.20
19.70
20.70
23.00
22.10
21.70
14.30
18.30
19.70
21.70
21.70
22.60
26.60
26.30
21.70
21.70
24.30
26.60
22.30
27.10
21.90
25.30
26.30
23.20
25.20
20.90
20.60
22.00
23.50
23.00
18.60
20.20
21.70
22.80
24.40
21.90
23.00
24.80
24.00
27.50
24.40
24.60
25.50
28.20
29.70
21.50
20.60
21.20
23.00
23.60
22.70
19.90
21.20
21.90
22.50
23.40
27.10
20.70
18.70
20.90
22.60
20.90
23.00
23.60
24.40
26.20
25.90
28.50
23.90
21.30
21.60
25.70
22.80
24.20
23.90
19.70
22.40
23.50
22.10
25.90
25.20
24.60
24.10
24.90
25.60
24.60
31.50
26.30
25.20
24.60
25.70
25.10
24.70
21.60
25.90
27.90
26.50
24.70
25.90
26.80
26.00
21.30
22.80
25.60
28.20
32.80
23.30
23.70
24.00
28.90
29.40
23.50
28.60
29.30
31.30
27.80
31.80
27.20
24.20
22.70
23.50
24.90
21.90
24.00
27.90
31.90
27.10
27.30
28.50
31.50
26.60
27.80
29.20
25.50
28.20
26.60
27.10
26.60
25.30
29.60
27.20
26.60
29.00
29.20
30.20
28.60
29.30
24.20
22.90
25.20
28.20
30.50
30.30
25.10
24.60
27.90
27.00
28.90
23.00
23.90
25.50
27.30
26.50
28.30
29.20
28.60
26.90
33.20
28.70
29.00
29.70
28.80
27.30
29.20
28.90
30.10
30.30
36.60
24.20
27.00
27.30
29.70
28.90
30.90
30.90
28.90
30.70
29.30
29.10
32.40
30.00
27.10
25.00
27.60
28.90
27.70
29.50
30.00
28.90
29.30
26.30
28.00
30.30
30.70
27.90
28.90
31.30
22.70
25.30
26.40
29.00
27.20
25.00
25.50
27.40
28.90
30.20
30.00
28.10
26.40
24.60
25.30
20.60
23.00
28.90
26.60
23.30
25.70
28.30
25.60
25.60
26.30
27.30
24.30
23.70
26.50
26.80
28.50
24.70
20.00
22.40
21.60
19.70
25.90
25.30
20.70
23.30
25.90
30.00
24.70
21.90
25.40
24.50
24.10
25.40
22.40
23.30
21.40
19.80
22.40
24.00
24.90
20.70
23.60
25.60
25.00
23.80
25.20
23.20
22.10
23.70
23.60
24.90
24.30
24.30
25.00
25.40
25.10
29.10
28.90
25.90
19.90
22.40
20.70
22.30
23.30
22.30
20.80
22.50
26.50
21.40
20.20
20.70
22.10
25.00
21.10
19.40
20.80
22.90
24.10
22.70
23.10
21.30
21.60
21.80
21.70
20.60
20.50
20.70
21.30
21.70
25.20
25.90
22.20
20.50
22.20
22.50
22.00
24.30
25.30
21.10
22.20
20.80
21.50
21.90
21.20
18.80
24.90
21.90
25.20
25.50
20.90
17.40
18.50
19.10
20.30
23.90
24.70
16.70
20.50
21.80
25.30
21.10
17.80
22.60
23.60
26.80
19.00
21.00
23.30
22.50
21.60
25.30
24.30
25.60
23.30
35.00
18.40
23.90
26.90
26.20
22.50
19.20
22.40
21.50
24.10
24.00
23.00
23.60
25.30
25.10
26.60
24.80
24.00
19.40
18.40
22.70
23.10
21.90
23.20
22.30
25.70
20.60
24.10
23.20
21.90
21.60
21.40
22.90
24.00
26.80
23.20
23.40
25.00
21.00
21.60
25.30
25.00
23.80
23.90
22.50
18.70
24.40
24.90
25.40
26.10
25.00
23.20
24.60
28.90
23.60
26.80
21.30
22.60
24.10
24.50
22.50
32.60
23.90
23.90
23.20
23.60
24.80
35.00
38.80
18.90
18.30
18.80
23.30
27.40
23.20
23.10
22.30
25.50
24.60
22.70
23.60
25.90
21.10
26.40
23.10
19.40
21.00
24.40
26.70
26.30
24.80
25.70
20.10
23.90
27.30
25.70
24.30
25.20
26.20
23.20
24.90
26.40
31.60
27.40
21.40
20.30
20.60
24.20
26.00
28.60
27.50
21.60
23.80
22.40
23.40
30.10
31.90
22.90
22.90
24.80
25.90
25.30
24.40
26.40
25.60
22.20
25.00
25.50
23.60
23.80
25.70
28.80
27.20
22.00
21.60
23.60
28.10
26.40
26.00
20.80
21.80
23.20
25.10
27.40
25.40
26.10
26.80
26.60
26.30
26.20
27.10
28.30
27.60
27.60
28.50
31.10
27.10
28.40
27.70
26.70
24.40
26.60
29.50
29.30
28.20
25.40
28.90
24.30
25.90
26.90
27.80
30.00
26.70
27.10
31.40
22.50
23.00
25.30
26.30
27.90
28.00
26.70
28.40
27.30
27.90
29.20
29.20
31.50
32.60
30.30
24.70
28.60
33.10
22.80
22.30
26.20
29.00
28.40
29.90
30.90
30.10
31.50
25.40
25.00
27.50
27.40
24.60
27.30
28.00
28.70
30.10
23.20
20.80
24.40
25.10
28.80
26.90
27.90
29.30
30.00
27.10
21.70
23.90
24.30
25.60
24.70
26.70
27.50
25.60
22.90
26.20
26.70
25.80
25.90
28.80
28.90
26.80
28.40
28.40
26.10
24.70
21.40
21.70
26.10
27.10
26.50
27.40
28.30
24.60
24.00
21.90
23.90
23.20
25.90
26.90
24.50
24.20
28.50
24.30
23.90
25.20
25.20
25.60
25.30
26.20
23.10
25.60
24.70
25.80
27.00
26.70
26.30
25.40
28.40
21.80
18.60
23.60
25.00
26.40
30.50
25.20
26.40
26.50
24.10
24.00
24.90
25.20
24.30
24.30
26.00
25.40
22.70
23.50
22.40
20.70
21.30
22.70
22.80
23.60
27.70
32.70
20.10
21.90
21.90
21.60
22.90
27.50
30.40
21.50
21.50
23.90
24.30
32.80
24.30
27.90
27.30
28.20
21.80
22.80
18.90
22.10
22.30
23.30
24.60
23.70
21.70
20.70
22.90
22.90
25.80
24.80
29.30
23.90
29.40
22.00
23.50
17.00
14.50
17.00
17.50
20.70
20.90
22.40
22.80
20.30
20.40
16.30
17.80
20.80
20.30
22.70
20.60
19.90
19.10
20.70
21.40
23.20
22.70
22.00
18.10
15.50
19.20
21.40
19.20
20.10
16.70
23.50
23.50
21.50
22.60
25.30
29.20
21.10
24.80
22.60
19.00
19.90
26.90
19.40
22.10
19.60
18.40
18.00
19.50
21.40
23.50
22.10
23.80
22.80
22.00
22.50
24.00
23.10
22.10
24.80
19.60
23.80
24.00
22.40
25.80
24.30
24.10
25.20
24.10
24.00
26.10
21.60
19.90
24.60
25.20
17.90
21.50
23.10
27.10
17.60
20.90
28.10
22.80
21.50
21.20
24.90
26.00
24.50
21.40
18.50
21.40
25.60
21.20
24.80
24.30
22.00
19.20
21.90
25.20
24.40
27.60
33.50
21.40
19.70
22.50
25.50
27.10
24.30
20.40
23.40
27.00
29.00
24.40
24.20
24.10
23.40
21.30
24.30
25.50
24.50
23.70
28.30
29.70
24.60
20.20
24.30
28.20
26.20
26.80
31.50
28.20
24.20
20.50
25.10
23.30
25.10
25.30
28.80
31.50
26.70
30.10
23.70
27.60
26.10
19.70
22.10
25.40
29.30
24.50
27.60
26.00
22.50
23.50
25.80
28.80
28.30
27.80
27.40
27.60
31.30
27.40
23.40
26.40
28.40
27.10
32.50
27.30
24.60
24.40
27.70
25.60
29.40
27.50
29.30
29.90
30.50
30.40
29.90
30.00
29.90
28.80
25.90
28.70
26.20
28.70
29.70
29.60
30.50
29.40
24.70
20.80
25.20
27.90
29.10
30.40
27.80
23.20
25.80
30.90
28.10
29.00
31.00
28.00
31.30
31.00
31.20
23.10
26.60
27.20
27.20
27.30
27.60
26.90
29.30
29.70
28.90
30.10
29.10
28.20
28.80
30.10
29.50
30.10
24.60
24.90
25.90
27.60
28.10
29.40
26.80
30.20
28.50
30.80
21.00
25.10
29.60
25.80
20.90
24.30
27.20
28.00
28.40
25.80
29.50
29.40
28.80
30.20
27.50
31.20
21.90
23.50
26.40
26.70
27.60
27.50
27.30
27.60
29.70
27.20
21.30
25.70
29.40
27.80
28.60
26.20
23.90
26.80
28.60
23.80
25.20
25.30
22.30
26.40
25.00
28.50
26.50
22.00
25.30
26.00
25.00
27.40
21.00
25.60
25.70
26.70
27.20
29.30
26.10
24.50
25.50
24.00
25.00
24.00
24.00
22.60
26.60
25.50
21.50
21.60
22.10
24.30
24.40
22.90
22.50
20.90
23.10
21.60
23.60
23.60
23.30
23.60
23.00
22.60
22.60
23.80
22.70
26.80
26.70
27.40
24.50
25.00
24.00
25.70
26.90
23.40
22.20
22.40
16.00
19.20
19.50
21.60
22.30
23.20
22.80
23.90
23.90
27.20
23.40
23.20
23.90
17.30
18.30
18.90
22.20
23.90
21.90
21.70
24.60
17.90
20.30
22.60
23.20
27.70
22.60
27.00
30.20
22.80
25.40
24.90
18.70
14.40
19.20
21.30
20.80
23.40
20.40
20.30
20.00
20.70
20.30
21.70
22.00
22.40
22.90
22.60
22.30
24.10
22.80
16.40
23.30
25.40
22.70
22.50
27.50
22.50
21.90
20.30
21.40
16.20
19.80
21.80
21.50
21.30
21.30
21.20
22.20
20.30
20.60
20.30
23.10
23.10
24.90
21.50
25.20
23.20
22.80
23.80
32.80
23.10
24.10
36.10
21.30
24.60
23.80
19.90
23.90
25.20
23.20
21.40
22.70
24.90
26.80
23.90
20.20
23.60
30.30
19.80
23.80
28.30
18.60
18.40
18.20
21.30
21.90
24.80
24.30
25.30
25.60
23.30
18.30
21.10
23.00
23.30
20.30
22.90
24.80
23.70
24.70
25.10
25.10
24.30
25.40
22.60
24.30
26.90
33.20
32.70
27.30
25.40
19.70
15.80
21.20
24.10
22.50
19.90
21.90
23.30
19.30
19.80
22.30
23.80
24.80
27.80
28.70
25.60
24.50
19.70
23.90
26.30
23.80
22.50
26.60
28.40
28.00
28.50
28.90
26.50
24.70
30.30
25.50
22.30
26.00
25.80
20.80
20.40
21.90
24.40
27.80
25.70
27.40
24.40
20.50
22.70
24.60
27.40
23.10
24.20
25.40
17.10
17.50
17.40
18.70
17.20
21.20
26.70
24.90
25.00
25.40
26.80
26.90
26.40
25.60
27.50
25.60
23.10
24.80
30.40
24.20
25.00
32.00
20.00
22.90
23.90
26.70
26.30
23.50
25.60
26.90
25.80
25.40
26.30
28.10
25.90
26.70
33.50
21.50
25.50
26.80
28.60
29.40
27.30
26.60
28.40
26.50
22.80
24.90
29.10
30.00
24.00
28.00
32.00
28.60
31.00
25.30
27.00
29.00
27.50
29.90
27.60
24.10
28.40
29.40
34.20
28.80
30.20
24.60
28.00
29.80
28.40
28.10
30.30
30.20
30.80
29.50
27.10
24.30
27.90
29.00
29.30
30.70
31.60
25.30
21.70
25.20
27.90
29.50
30.80
27.90
25.40
26.50
28.20
29.00
28.70
28.90
27.40
26.90
28.10
27.80
26.60
30.80
25.40
25.90
27.50
25.10
31.30
23.20
21.90
26.40
27.70
29.20
31.30
24.10
24.50
27.80
27.30
28.90
27.90
30.30
27.20
22.90
26.30
28.50
25.90
27.00
28.50
25.10
23.00
28.30
26.70
31.10
24.30
28.50
23.00
23.40
26.40
25.90
25.90
27.90
27.80
22.90
24.80
26.30
26.80
27.20
27.70
28.50
26.30
25.00
25.10
27.00
29.60
25.30
27.50
27.20
26.40
25.60
30.90
25.20
28.80
25.00
25.90
28.10
25.00
23.90
23.30
23.30
24.40
22.00
23.10
24.10
23.70
24.00
23.40
24.10
23.30
24.20
24.20
24.90
23.10
22.70
23.90
25.60
22.80
22.80
23.50
24.70
22.90
22.70
22.90
24.80
22.70
23.20
22.50
19.60
20.90
23.20
23.70
24.00
24.00
26.40
25.10
23.30
23.50
23.20
23.90
21.90
23.50
23.90
21.90
22.30
23.20
26.30
21.10
21.00
21.30
23.40
24.20
23.60
22.10
20.60
22.70
22.60
26.00
23.40
22.20
19.80
20.50
22.60
23.90
23.70
25.10
28.60
24.00
25.00
28.20
23.70
22.20
17.80
18.40
23.10
24.00
28.00
28.10
26.70
18.10
19.90
21.80
22.60
23.40
24.30
27.70
22.80
23.50
24.00
18.90
24.20
24.00
27.90
30.20
28.50
20.80
22.80
19.60
20.40
23.30
21.70
23.60
22.70
19.00
16.00
20.80
20.90
21.80
22.10
24.30
27.10
20.90
24.40
23.10
22.10
25.80
22.70
22.40
21.60
23.20
25.10
21.80
23.50
17.50
19.20
26.50
23.10
23.10
25.50
24.80
18.20
20.40
26.00
27.50
27.70
25.00
31.30
20.50
21.60
30.00
17.30
19.40
28.00
25.30
22.90
23.40
25.60
30.30
22.80
20.40
18.80
22.30
25.60
25.50
24.80
22.30
25.00
25.30
20.20
23.50
25.70
27.50
30.80
20.20
21.30
23.80
27.10
23.00
22.40
25.00
27.30
25.00
24.80
25.90
24.60
26.50
25.00
24.20
29.80
21.10
21.90
23.40
26.20
25.70
26.30
28.90
30.40
27.20
26.70
30.70
25.20
22.10
24.70
29.30
27.30
26.70
29.20
27.20
24.40
25.70
26.80
25.70
27.50
31.60
22.50
20.60
23.50
23.90
25.90
27.50
28.30
22.10
24.50
27.60
27.30
27.30
27.00
27.60
28.80
27.10
27.00
25.50
28.00
25.00
27.10
24.70
24.20
30.20
32.50
25.20
25.40
27.90
27.20
30.20
29.90
28.90
28.60
27.20
27.00
29.30
26.70
26.00
28.70
30.00
32.00
30.80
23.90
26.60
28.80
28.50
29.20
30.30
28.80
28.30
31.40
28.40
29.10
28.90
27.70
29.50
29.30
30.00
33.30
31.40
30.90
30.50
34.50
31.40
26.20
28.50
29.60
29.00
24.70
24.80
27.80
28.70
28.20
30.20
28.90
25.10
27.30
28.50
29.20
30.00
33.30
25.40
27.50
29.10
29.30
30.20
29.20
29.70
28.90
29.90
28.50
28.00
31.60
31.90
32.30
29.80
31.30
31.60
30.00
29.60
31.70
31.20
26.90
27.90
30.20
27.50
30.30
28.70
30.70
28.30
29.00
24.80
29.00
24.90
27.50
31.00
27.10
27.60
28.20
27.00
27.90
29.10
29.30
28.80
30.10
29.50
29.70
27.20
29.50
25.60
28.00
27.30
27.30
28.20
29.40
29.90
27.40
29.70
28.70
26.20
27.60
38.10
24.80
28.00
24.60
24.80
22.30
25.80
26.40
25.80
26.20
28.40
28.00
27.00
26.70
22.80
21.70
23.80
25.40
25.00
24.80
25.00
26.70
25.60
25.00
26.70
22.00
23.90
23.60
23.40
25.80
24.10
24.40
26.20
23.20
25.60
24.70
24.10
23.80
23.70
23.20
23.40
24.90
24.90
27.50
27.40
24.70
19.60
19.10
22.50
23.90
26.00
28.30
24.50
26.70
30.50
23.60
23.10
25.50
32.70
22.20
21.30
22.00
24.20
23.30
26.80
18.50
21.70
22.20
24.30
23.60
23.10
23.80
22.40
23.60
23.30
22.90
23.70
27.10
25.70
24.60
24.50
21.30
22.90
24.00
23.30
31.20
23.60
28.10
20.70
20.40
22.00
24.10
24.30
24.30
18.10
23.30
22.20
23.30
22.60
26.00
22.90
22.10
23.40
30.00
22.70
23.70
21.90
24.30
26.90
21.60
22.20
22.40
22.40
25.20
25.50
24.10
25.40
24.00
24.80
25.80
27.10
25.90
25.50
28.60
23.60
21.00
22.80
21.30
22.60
24.10
23.00
25.30
24.90
24.00
19.50
25.20
25.30
25.90
24.70
25.70
25.50
26.90
21.70
20.60
24.40
22.00
25.60
28.50
27.70
22.80
19.80
22.30
27.60
20.20
22.00
25.20
28.50
23.40
22.30
26.60
22.60
21.30
23.40
24.60
25.00
25.30
26.40
24.60
26.80
23.50
23.90
27.10
27.50
24.70
22.10
22.60
26.70
32.50
24.10
20.80
25.00
19.70
20.40
25.40
26.10
24.80
19.20
19.40
19.00
23.50
24.50
24.10
25.60
27.10
25.60
23.90
24.00
31.40
23.10
23.90
27.60
23.70
24.00
26.10
26.30
27.80
26.00
26.30
27.60
27.10
27.40
31.70
25.40
25.80
26.60
29.60
27.70
25.70
29.20
31.10
27.60
27.90
22.00
23.60
25.80
27.70
25.90
27.90
29.30
23.60
25.50
28.60
28.50
27.10
27.60
26.90
26.60
28.00
28.60
28.00
28.40
28.80
30.50
26.60
24.80
24.30
29.10
28.60
29.90
28.60
28.70
27.50
27.30
28.80
26.50
29.50
27.10
25.10
27.30
27.40
28.90
31.20
24.00
25.60
28.80
29.10
26.00
20.50
21.70
21.40
23.50
25.50
25.70
26.80
26.90
28.50
28.90
28.50
30.30
31.30
29.80
28.30
29.30
27.40
29.20
29.90
31.10
27.90
28.50
30.40
30.90
29.20
29.60
30.00
28.90
27.50
28.40
30.10
30.20
27.70
30.40
23.60
26.00
26.90
29.50
29.90
25.10
29.30
28.80
27.60
28.80
29.50
27.20
28.90
29.60
28.70
29.50
29.50
24.90
28.20
30.40
28.30
28.10
28.60
29.30
29.60
29.40
29.90
28.90
28.80
31.10
29.30
26.00
28.70
27.70
25.80
29.00
29.90
29.50
29.10
24.70
24.20
24.90
23.70
28.30
26.50
28.00
28.60
27.50
19.40
20.60
21.90
24.00
25.50
26.40
26.30
27.40
26.60
25.50
26.10
26.70
26.90
27.20
25.40
26.00
26.40
26.40
26.70
26.00
23.80
26.10
21.00
22.30
21.40
24.10
27.30
26.30
22.70
17.50
22.30
21.30
23.10
23.40
24.40
24.80
24.60
24.10
20.10
21.40
22.50
23.40
24.40
26.20
23.90
23.30
24.60
24.70
27.20
21.80
18.50
22.90
25.10
23.00
23.80
24.80
26.10
22.50
23.60
25.40
23.30
22.90
22.60
24.00
23.50
24.30
23.20
22.70
26.60
21.30
25.00
29.90
25.50
23.40
22.20
23.00
22.20
22.70
25.30
27.60
17.40
22.70
22.90
22.80
24.70
24.00
23.30
24.00
25.10
23.40
23.80
21.50
24.70
23.00
23.00
23.00
23.70
23.30
23.00
24.20
24.20
28.90
24.80
20.00
20.90
24.00
22.30
21.70
19.70
20.90
18.00
21.50
21.60
22.10
23.00
22.20
22.60
24.00
23.50
24.10
25.60
26.10
21.30
23.10
22.30
22.60
24.70
24.90
22.20
22.80
23.10
24.10
23.40
23.40
25.60
24.20
24.60
23.10
26.00
27.70
22.80
23.70
23.30
25.00
23.90
24.80
24.90
23.90
23.50
25.40
22.90
27.20
23.80
19.50
25.40
26.50
23.50
22.10
27.00
23.50
21.30
26.50
23.90
21.80
19.30
28.20
21.50
17.20
15.60
17.90
22.40
24.80
25.70
28.00
23.40
23.50
24.30
27.30
24.80
28.30
24.20
23.30
23.40
25.80
20.10
22.70
22.70
25.50
24.70
24.90
19.60
22.80
27.90
24.50
26.50
27.00
24.40
26.30
24.20
20.50
20.90
23.70
27.20
23.70
18.70
19.10
21.40
21.80
26.40
19.80
22.50
18.80
22.20
26.10
25.00
25.70
26.40
27.10
26.70
26.20
26.80
28.60
31.10
28.00
27.40
27.80
26.40
27.30
26.60
19.90
22.10
25.70
24.70
25.10
26.30
23.40
25.90
25.60
28.70
25.90
24.30
27.20
28.70
30.90
25.80
28.80
29.10
34.20
25.20
24.40
27.40
23.70
26.40
25.70
27.30
24.80
29.10
28.00
26.50
30.50
25.30
25.80
25.40
27.30
28.90
24.00
24.20
28.50
27.50
23.30
27.30
29.70
24.70
21.10
23.80
24.40
25.40
26.90
27.50
27.60
29.90
28.60
27.40
31.70
31.40
28.50
23.80
26.20
27.50
28.80
28.10
28.80
28.50
27.30
31.30
28.50
28.80
28.10
29.30
31.90
29.80
32.50
26.30
30.40
29.70
30.60
25.80
27.80
29.20
31.00
30.20
28.20
27.90
30.10
30.40
32.40
26.80
27.10
27.40
28.10
26.20
27.60
27.60
26.70
27.10
26.20
26.60
27.30
27.70
27.30
27.60
28.90
28.10
31.20
29.10
29.10
33.20
30.90
32.60
29.00
36.10
30.60
28.30
24.70
30.50
31.30
30.50
30.30
22.90
23.40
26.90
27.90
25.10
29.70
27.00
28.10
27.20
27.40
28.20
28.90
30.20
28.00
27.90
28.00
25.90
23.70
21.80
26.30
26.20
26.60
26.50
26.30
26.00
27.60
27.40
21.90
22.30
25.10
26.80
25.60
27.00
26.80
24.40
26.40
26.80
27.20
26.20
21.40
25.00
25.50
25.90
24.70
22.90
22.80
25.50
24.90
28.40
23.90
25.60
27.00
26.60
25.10
26.30
26.40
26.60
25.60
26.10
26.30
28.10
27.50
25.00
28.90
27.40
20.80
21.40
23.30
30.10
26.50
22.80
24.50
24.90
24.40
24.30
25.60
24.80
26.00
28.80
24.70
24.60
26.00
25.20
25.40
25.80
24.90
24.80
25.10
29.70
25.30
26.10
27.90
27.50
23.50
23.20
23.30
24.60
22.80
25.20
24.70
23.80
22.10
23.70
23.40
22.20
22.20
24.70
28.20
32.10
23.50
21.20
20.90
25.50
29.10
24.40
22.20
22.10
22.30
22.80
23.70
22.70
24.20
23.40
23.60
23.20
21.60
22.70
18.00
19.60
21.60
23.00
23.50
23.20
24.10
23.30
24.60
25.00
25.00
24.40
22.60
23.90
23.40
24.70
24.60
26.00
30.70
23.60
21.60
22.40
26.20
20.20
22.80
24.10
23.50
23.40
23.70
22.50
22.80
25.10
25.90
23.60
24.20
21.50
26.50
28.50
21.60
20.50
23.00
25.60
23.90
24.20
24.20
25.50
24.20
24.20
28.30
24.30
24.30
13.40
15.40
18.60
21.80
25.20
24.40
24.60
25.40
24.90
23.70
24.40
25.70
28.50
22.40
23.80
21.40
21.80
23.80
25.20
24.90
21.10
24.90
28.10
25.30
21.40
23.40
22.60
25.50
26.20
26.00
30.30
18.60
21.60
26.20
29.40
28.60
24.60
19.70
20.90
24.50
23.80
24.40
26.00
23.40
25.10
26.40
26.10
27.10
25.80
25.40
25.60
28.00
25.50
27.90
25.00
29.00
23.20
21.30
23.30
25.30
26.50
26.20
25.30
27.40
27.10
22.70
26.20
29.40
25.90
28.70
26.10
25.40
28.80
28.00
24.40
28.60
23.90
23.70
28.10
29.60
27.10
25.40
25.40
26.00
27.40
26.50
28.50
29.80
35.00
29.20
24.00
25.30
27.60
25.50
27.20
26.90
25.30
26.30
27.90
25.90
26.40
27.20
25.20
30.10
25.20
23.60
27.00
26.70
28.80
26.40
29.00
30.10
21.90
25.50
28.80
29.50
30.00
27.00
23.40
27.90
31.40
32.00
28.90
23.40
24.50
28.80
32.10
35.20
28.80
27.80
30.20
30.00
30.70
31.80
28.60
22.20
26.00
28.30
28.60
31.00
29.30
28.20
28.10
27.10
27.40
28.20
28.70
33.00
20.10
23.10
25.40
27.20
28.10
26.50
30.00
29.40
28.50
26.90
22.80
25.60
27.10
28.30
27.50
27.60
29.20
29.80
29.20
24.80
28.20
29.90
30.40
31.20
30.30
27.60
30.10
31.40
27.30
24.40
27.30
28.10
28.60
27.30
27.50
28.50
28.00
29.70
29.40
28.10
31.00
27.30
30.40
28.30
27.30
28.10
29.10
29.30
29.90
22.50
25.60
27.30
28.10
30.90
31.70
31.90
29.60
28.30
22.60
24.20
29.60
33.20
25.80
26.70
26.90
27.20
27.50
26.10
21.20
24.50
25.60
25.20
25.30
27.20
28.00
26.30
27.50
26.70
27.10
27.00
30.10
30.60
21.10
24.70
25.30
23.90
26.00
27.40
20.40
23.50
22.60
24.20
24.20
24.90
29.40
24.10
24.60
23.00
28.90
24.90
25.70
24.80
27.70
29.80
28.50
25.60
25.50
27.90
25.20
22.70
27.50
30.30
18.30
20.50
22.60
19.50
22.70
24.50
23.30
27.80
22.30
30.20
23.10
24.20
24.50
25.60
27.00
20.80
23.50
23.20
24.50
26.90
20.50
20.00
20.90
22.90
23.90
21.00
22.10
25.00
20.50
21.60
22.50
21.90
21.20
21.30
23.40
24.10
23.80
24.60
23.00
24.80
25.40
22.70
21.30
23.90
24.70
25.80
23.00
20.20
21.20
18.00
18.90
19.00
18.60
24.20
24.80
23.40
24.70
23.80
27.90
24.00
30.00
21.00
19.40
24.10
25.30
20.40
15.30
23.50
22.90
22.10
22.90
23.10
23.80
25.10
27.30
23.00
16.50
17.80
20.10
20.80
19.00
22.90
23.00
23.80
26.00
25.20
24.60
20.60
26.80
23.30
24.40
26.40
27.90
19.20
24.00
24.10
23.60
22.70
18.70
19.10
22.80
24.40
24.20
22.70
23.60
24.30
22.00
22.80
27.10
26.00
25.70
26.20
25.70
24.40
24.00
21.80
21.30
24.40
22.00
23.20
23.60
30.00
20.60
22.70
23.20
22.90
28.60
21.60
27.50
23.40
20.30
21.40
19.60
25.80
26.50
26.90
27.40
28.90
25.10
27.40
26.30
39.50
20.10
22.10
26.60
25.20
30.70
21.30
23.20
25.40
26.50
30.00
25.00
21.70
24.90
26.60
26.80
28.80
25.60
20.30
21.50
23.00
28.40
25.40
20.00
23.90
27.90
27.80
21.70
23.10
29.90
25.30
27.00
29.50
27.60
25.50
29.30
26.40
21.10
22.90
23.30
25.80
26.80
24.90
22.60
27.60
26.70
26.50
26.50
26.90
23.70
26.20
29.00
26.80
23.40
26.50
30.20
27.20
27.10
27.60
31.40
35.70
23.90
26.40
26.80
27.70
27.20
29.90
27.50
27.80
25.50
24.60
27.60
30.40
31.10
26.90
28.20
31.50
29.70
27.80
27.20
31.00
29.10
30.90
22.60
22.90
25.90
27.00
28.50
26.30
29.20
29.20
26.30
27.70
31.60
28.00
25.80
30.10
27.30
27.20
29.60
28.30
26.60
29.40
29.60
27.30
25.90
28.50
29.70
30.40
32.00
30.70
30.30
32.50
32.00
27.20
27.10
29.00
30.20
30.40
33.10
32.30
32.30
28.50
31.80
31.80
26.80
28.60
27.50
29.70
29.70
27.50
28.20
30.90
29.10
28.50
31.30
32.90
30.70
29.60
29.80
29.50
29.10
30.00
29.80
31.70
30.30
31.00
28.90
29.40
27.00
29.70
33.50
26.40
24.70
29.60
29.80
29.40
26.20
24.80
26.00
26.60
28.40
28.40
29.80
29.10
27.90
28.90
33.20
26.00
25.20
28.10
28.90
29.40
27.00
22.40
27.80
33.30
28.50
26.10
25.40
26.20
26.00
27.10
27.40
27.10
26.70
25.10
24.90
25.00
25.80
28.00
26.30
26.40
28.00
26.10
24.50
25.00
26.00
24.90
23.00
24.80
25.80
26.80
26.50
25.60
26.50
20.90
24.40
20.30
23.90
24.40
26.00
21.60
22.70
25.50
25.10
25.00
24.40
25.20
24.20
22.80
23.20
22.50
23.90
24.40
24.30
23.80
26.10
21.60
15.90
19.60
20.60
21.80
22.50
21.70
20.00
21.30
22.60
25.30
26.20
21.20
22.60
22.50
22.30
23.10
23.00
23.20
22.70
22.70
22.10
20.80
21.90
22.20
21.80
22.80
23.30
22.30
20.60
19.00
20.40
19.30
19.40
20.90
22.10
23.20
24.30
22.30
19.90
22.40
21.10
22.30
23.30
23.60
28.80
21.10
21.30
20.00
22.20
22.70
24.90
23.40
23.10
25.50
27.10
22.90
24.00
23.90
25.70
19.10
19.00
22.60
15.30
20.70
22.20
24.30
25.80
22.00
22.10
21.30
22.70
20.80
21.40
22.90
22.80
25.70
24.40
14.20
18.30
20.40
23.20
26.30
21.50
21.00
23.70
26.80
22.60
22.90
25.30
29.00
22.90
22.70
22.40
16.70
20.00
24.00
22.00
22.40
21.10
24.20
24.30
16.50
16.20
21.00
23.00
23.70
25.50
23.60
22.20
17.40
20.70
23.00
22.20
23.10
24.70
28.20
22.60
21.20
24.20
22.30
21.90
21.50
23.50
26.90
23.60
18.70
22.20
28.10
25.70
21.40
22.10
23.90
22.90
23.90
29.20
20.70
19.10
20.40
21.70
23.30
25.70
24.70
30.30
24.90
-999
22.60
26.10
26.20
27.20
23.80
24.20
21.40
23.10
31.20
22.40
23.30
25.00
28.60
25.40
25.00
23.70
23.90
24.60
29.00
22.00
25.50
27.20
26.00
23.20
28.40
29.20
27.80
26.60
28.10
26.50
26.30
24.80
23.00
23.50
24.60
26.90
27.40
27.90
24.60
26.30
26.20
28.90
28.10
25.20
24.10
29.40
25.10
28.50
28.20
24.20
27.80
31.40
25.80
26.20
27.70
24.20
22.70
27.30
32.90
28.00
24.80
24.00
26.50
30.50
28.20
27.40
25.80
27.60
26.00
24.00
27.10
30.30
23.90
25.10
26.90
27.80
29.30
32.40
29.40
30.30
27.80
26.80
25.20
28.00
27.20
30.10
28.40
28.90
25.40
25.60
29.40
29.90
28.30
29.80
24.30
24.40
26.00
28.00
27.50
27.00
27.60
23.20
23.30
23.30
25.30
27.30
29.50
30.90
28.80
28.50
28.70
28.70
28.90
31.30
27.30
28.10
30.60
30.80
27.10
28.10
29.20
28.80
29.10
27.80
29.50
26.70
27.80
32.70
24.40
29.80
26.10
22.80
26.30
28.20
26.60
27.70
26.20
22.00
23.50
24.90
27.40
29.90
28.60
29.20
29.90
27.10
29.30
29.60
25.40
26.40
28.30
26.50
27.30
31.30
28.50
26.70
26.00
24.00
27.60
27.70
29.50
27.40
28.40
27.20
26.30
26.90
23.50
25.10
26.60
26.00
28.10
28.00
29.90
29.30
28.10
32.30
26.40
26.60
25.50
27.50
29.80
27.10
23.90
23.90
25.20
26.40
26.10
28.50
23.20
23.20
23.80
25.90
25.90
26.20
25.50
27.60
27.50
27.70
28.20
25.00
23.80
24.40
22.70
24.40
25.60
25.50
25.20
25.90
25.40
32.50
26.10
25.50
25.90
24.80
30.20
23.10
22.10
22.20
22.60
23.40
23.80
24.80
25.70
26.60
27.70
21.20
21.60
23.60
21.80
23.80
27.90
28.00
22.30
25.00
23.50
22.20
24.00
23.90
24.70
23.70
24.90
25.00
22.90
25.90
21.70
18.60
23.20
20.60
22.50
24.30
24.40
21.40
19.30
20.00
20.90
20.90
22.10
25.40
20.10
21.80
19.40
19.60
21.00
21.70
23.40
22.10
23.70
22.30
25.00
24.50
27.10
21.70
20.60
16.60
16.90
16.00
21.40
25.10
19.70
21.70
22.50
28.20
25.90
22.70
21.70
22.20
23.30
25.00
22.30
19.30
22.80
31.00
31.30
21.20
19.20
22.30
25.40
24.10
24.60
26.50
25.40
24.00
23.30
20.00
22.00
21.30
24.90
25.40
24.90
24.00
22.30
21.00
21.50
22.90
23.80
14.20
19.80
21.80
18.30
18.50
23.80
22.90
23.60
28.10
23.80
26.80
23.70
28.20
21.90
20.60
22.90
25.30
27.80
22.00
22.50
22.00
21.40
22.50
22.80
23.90
23.90
25.00
24.60
26.80
24.40
25.80
25.30
21.80
24.50
21.30
19.90
23.10
25.80
27.50
27.90
27.80
24.80
23.10
23.40
23.70
28.30
20.50
21.70
24.50
25.10
23.50
18.90
23.30
29.50
23.10
24.70
25.70
27.60
26.20
28.20
25.80
26.10
30.50
26.40
27.00
25.90
21.50
27.20
28.00
27.40
23.80
26.70
28.10
28.30
28.00
30.50
26.60
21.10
24.10
26.40
28.50
25.80
25.00
27.50
29.10
25.10
29.30
27.80
29.50
33.60
30.40
29.00
27.20
23.60
23.90
26.40
27.70
29.90
28.70
27.20
26.30
26.00
31.00
28.10
27.90
29.60
31.70
28.70
28.60
28.20
30.40
30.50
31.50
29.40
30.90
29.10
26.20
27.60
30.20
28.40
29.50
28.60
29.90
31.10
28.10
25.10
26.40
34.10
25.40
23.90
27.40
26.50
25.30
28.70
28.00
28.40
27.90
30.30
28.20
25.20
27.30
26.40
22.60
28.40
29.90
28.10
25.30
30.20
28.50
31.10
32.00
25.40
26.90
27.70
29.50
30.20
30.30
29.20
29.50
22.90
30.10
28.70
29.00
29.40
30.40
26.70
29.60
27.40
25.60
28.00
28.40
29.90
27.10
27.80
28.90
27.90
27.90
26.10
27.30
27.60
28.00
29.50
27.50
28.10
26.40
28.60
23.50
25.30
25.90
24.50
24.60
28.00
26.70
28.30
29.20
29.30
26.00
27.00
28.20
28.10
28.20
27.60
28.30
27.20
24.40
26.70
25.60
29.70
22.60
24.00
26.60
27.90
27.70
27.00
26.30
25.10
27.50
26.10
27.50
24.50
23.40
26.80
27.40
27.80
28.60
28.50
23.30
22.50
26.10
25.30
24.10
23.00
22.80
22.80
24.40
25.00
22.90
24.40
24.90
24.80
25.70
25.90
27.40
25.90
25.00
24.80
26.60
26.10
27.80
29.30
23.80
26.40
26.40
24.50
28.90
23.00
22.10
24.40
24.10
24.80
20.00
21.50
23.10
25.90
23.70
25.10
24.00
24.30
27.30
25.40
26.20
23.80
22.40
22.40
24.90
26.70
18.90
20.10
21.50
26.50
26.00
22.50
20.60
23.90
24.10
23.40
23.70
22.90
19.70
22.00
23.20
24.60
26.60
28.30
22.40
19.90
23.00
33.00
21.80
22.10
17.90
20.50
21.30
21.80
22.90
21.90
23.30
23.30
23.60
22.80
22.70
22.90
22.50
23.20
23.90
24.10
26.60
22.10
22.70
23.10
23.00
27.60
27.20
22.70
21.90
20.70
23.00
22.30
23.10
24.20
24.20
21.20
23.10
27.70
25.30
32.50
22.70
23.20
18.80
22.70
23.40
24.00
24.60
20.30
18.10
25.40
21.60
25.30
23.10
17.70
23.10
24.70
23.60
23.80
28.90
20.20
22.20
26.50
27.90
23.10
22.70
24.60
26.10
23.80
20.40
18.50
19.90
23.10
24.10
23.00
24.20
28.90
22.10
23.40
25.20
23.40
29.60
24.10
24.50
25.00
25.10
21.40
26.90
27.10
27.00
20.90
22.80
21.90
23.70
22.10
24.90
24.90
25.40
24.80
19.90
16.30
23.00
26.80
21.40
25.10
30.40
23.90
21.50
24.40
25.40
25.50
27.40
26.50
27.80
26.20
23.90
27.40
29.70
25.00
21.10
22.10
26.50
25.80
21.50
26.80
32.00
29.10
31.00
22.40
22.00
19.20
19.70
24.50
23.30
23.20
21.80
24.60
27.10
28.40
26.10
25.80
22.90
21.50
26.20
26.80
28.10
27.90
25.00
25.50
26.20
28.80
31.30
24.50
24.20
29.20
30.50
25.50
26.40
26.10
28.30
27.50
25.00
27.80
25.30
22.80
27.30
25.90
25.70
24.40
28.90
32.80
35.20
26.20
23.70
25.80
23.20
23.80
27.60
27.20
23.30
20.90
22.20
26.70
26.90
20.20
24.60
30.20
28.10
29.30
29.90
28.40
29.50
28.80
33.60
24.60
21.50
24.80
26.40
29.50
26.90
32.80
26.00
30.20
30.60
27.50
24.30
23.50
29.30
30.80
23.40
25.80
27.30
23.90
23.00
29.20
26.30
27.30
27.60
27.40
27.40
28.10
29.30
28.70
22.50
29.10
30.00
26.00
26.50
27.60
29.10
28.40
28.70
28.80
28.80
30.60
31.80
33.20
30.00
25.70
26.70
30.40
28.50
29.90
27.50
28.10
27.90
28.10
26.90
21.90
23.40
24.10
26.10
27.60
27.80
28.40
28.10
28.20
28.80
23.70
26.80
29.60
28.90
24.60
27.50
32.60
24.10
27.20
26.90
24.70
26.60
26.80
29.20
24.60
23.10
23.20
26.90
27.70
29.40
28.90
26.10
28.70
28.50
30.20
27.70
23.90
23.80
26.60
25.70
26.30
25.70
26.00
23.40
27.10
24.10
19.80
24.40
26.70
28.00
33.40
23.30
24.20
23.00
24.10
24.80
26.30
28.30
25.40
19.80
23.60
25.00
23.90
25.40
28.60
22.40
20.80
21.70
22.20
23.80
25.50
24.60
24.20
24.10
26.90
25.60
24.70
24.80
21.90
21.00
21.80
22.00
21.00
20.70
22.10
27.30
21.30
21.40
22.50
25.40
26.20
24.30
19.40
21.10
22.20
24.40
23.40
22.80
23.00
23.50
30.00
30.10
26.30
24.40
20.50
22.60
22.00
23.10
23.00
23.90
26.90
20.90
19.20
22.10
20.30
16.60
21.30
22.20
21.50
21.60
23.40
26.00
27.60
21.10
22.30
31.10
23.00
21.30
23.00
26.60
23.80
25.40
22.90
29.40
24.70
24.40
24.60
22.80
22.40
24.00
26.30
23.60
17.50
22.00
23.60
24.80
29.90
24.20
23.50
25.10
23.60
27.30
24.40
24.70
24.80
22.50
23.90
28.30
29.40
18.60
24.40
27.60
23.40
22.00
25.30
22.60
19.10
22.80
25.40
23.20
22.50
25.00
26.20
23.60
23.50
21.50
21.90
23.20
23.90
21.70
19.70
19.70
21.70
25.30
20.90
23.00
25.30
23.80
23.20
24.00
26.30
23.80
23.90
21.50
26.90
21.80
31.60
20.90
19.00
20.90
23.00
20.60
21.70
25.10
28.40
22.10
30.60
23.40
23.70
29.30
27.60
27.30
24.40
20.40
19.30
19.30
21.90
24.90
25.70
24.70
22.00
21.60
22.80
25.90
29.80
26.90
26.90
26.50
26.70
22.80
23.20
27.40
27.00
25.20
25.50
30.00
24.50
23.40
23.70
25.60
28.70
28.30
25.40
26.60
28.10
24.60
26.00
21.80
21.60
23.50
25.20
26.20
25.60
22.90
21.50
21.20
26.20
29.30
27.40
25.70
22.90
24.70
26.40
28.60
25.80
25.90
27.20
23.00
25.00
31.90
26.00
26.60
29.60
25.20
23.90
31.10
27.10
25.90
26.70
29.30
23.90
23.50
20.80
24.10
26.80
29.30
30.10
26.20
25.40
27.50
27.10
25.30
26.40
24.70
29.50
28.90
28.80
29.10
28.80
29.30
25.40
33.60
26.60
23.30
22.00
25.70
28.00
28.40
29.70
31.60
25.30
25.40
26.70
27.60
29.40
28.70
28.20
31.10
30.60
28.40
27.20
27.80
28.30
26.10
27.70
30.80
29.40
28.50
27.50
32.50
29.80
29.10
31.40
26.60
27.20
29.70
28.50
30.20
28.80
27.80
28.10
28.90
29.50
31.50
31.30
24.50
27.30
27.70
28.10
27.20
29.80
26.30
28.80
29.80
32.90
29.90
29.70
29.50
30.00
31.40
29.00
31.00
29.70
29.90
29.50
32.10
30.00
29.20
27.50
27.40
26.30
26.10
27.50
29.10
28.00
29.10
27.20
28.40
27.10
28.10
24.10
26.20
25.80
26.70
29.10
28.60
24.80
25.60
25.50
22.90
26.40
25.20
23.80
27.30
29.40
26.90
27.90
28.40
29.00
27.20
25.30
23.00
26.10
26.60
29.70
22.10
19.70
29.30
26.60
29.40
25.70
25.20
23.80
25.60
29.30
26.80
25.90
25.90
27.10
27.40
34.90
21.40
20.90
27.70
26.40
26.40
25.70
28.30
26.90
30.10
28.50
27.30
26.50
29.50
24.70
28.50
27.80
27.80
26.30
23.20
26.20
25.40
32.50
36.50
20.50
18.50
20.30
20.70
22.40
23.00
25.40
24.40
24.20
24.70
25.20
23.80
20.80
24.00
24.50
24.80
21.60
23.80
23.10
24.70
25.40
23.20
22.70
21.30
24.10
23.50
23.60
23.40
24.30
21.80
22.10
24.20
22.50
24.70
27.00
28.60
24.10
16.20
21.20
22.30
23.20
21.00
19.70
20.80
21.60
22.40
23.80
26.50
21.70
22.70
23.00
24.70
29.60
22.10
22.60
23.20
23.30
23.40
23.50
26.70
24.00
22.80
24.20
25.70
23.80
23.10
20.90
26.60
19.80
23.30
22.30
23.30
28.40
31.90
23.70
19.20
18.80
22.40
19.70
19.50
21.30
25.00
23.20
20.30
24.10
22.60
21.90
22.00
21.70
23.10
24.20
24.40
28.50
23.20
23.60
20.10
20.00
24.10
22.90
22.40
22.70
24.30
24.20
25.20
25.90
25.10
24.20
24.20
23.10
23.10
24.30
23.90
25.30
25.20
24.80
23.10
20.20
26.70
23.10
23.30
24.30
25.90
28.30
26.30
24.50
23.80
18.50
19.70
21.50
24.30
23.90
23.80
21.40
21.60
25.90
27.20
21.60
23.20
23.00
23.60
19.50
17.50
22.70
20.70
26.50
24.50
28.10
22.40
22.90
28.20
21.80
20.40
23.20
24.90
25.30
27.20
23.40
20.60
22.60
26.90
25.10
27.20
22.40
22.80
23.80
24.20
26.20
26.60
24.90
20.60
23.20
24.70
26.10
22.90
24.20
24.00
27.20
26.60
23.00
20.50
20.80
24.50
29.30
22.30
26.50
25.40
25.40
23.80
22.60
29.60
22.60
21.70
26.70
27.60
26.00
27.10
26.60
23.50
26.20
21.40
19.90
22.80
26.00
30.80
26.20
26.70
26.00
24.40
23.80
23.70
25.80
22.50
23.80
25.70
27.90
28.40
28.80
27.60
27.00
26.80
26.80
27.50
27.00
27.20
29.40
30.00
30.30
28.20
25.30
23.40
24.10
27.70
25.50
24.20
25.90
28.90
30.00
27.50
29.10
29.50
27.20
24.90
27.20
27.60
29.70
28.80
29.00
28.90
25.00
27.30
26.20
28.00
27.90
27.80
28.20
28.80
28.00
28.70
33.90
25.80
28.30
30.00
29.30
24.40
25.80
27.60
29.30
27.80
25.70
26.80
29.10
29.00
29.20
30.40
29.60
28.10
28.70
29.80
29.10
28.40
28.20
28.00
28.60
28.20
28.10
29.60
28.40
31.50
31.80
29.60
30.00
31.00
29.40
28.70
29.80
29.60
26.50
24.70
25.90
24.10
24.10
23.50
25.70
28.50
27.40
23.60
27.50
27.00
29.00
26.60
25.30
26.70
27.00
25.90
26.60
26.20
25.40
24.80
25.50
26.10
26.00
32.10
21.50
24.70
25.90
28.50
27.40
26.60
26.80
25.00
26.10
27.00
26.90
28.30
28.90
22.00
18.40
22.60
23.40
23.90
27.20
24.60
24.20
20.60
22.40
22.90
20.40
21.80
22.90
25.70
24.80
25.80
27.20
25.70
24.90
30.00
26.50
26.50
21.30
23.40
27.60
25.50
25.60
24.60
25.00
24.30
23.50
23.50
24.70
24.50
24.80
23.70
25.20
24.90
24.80
25.30
23.10
21.70
22.30
23.50
20.70
23.10
23.80
22.70
17.90
19.40
22.00
25.90
21.80
27.20
24.50
26.40
24.20
19.30
20.00
21.20
23.90
24.20
23.10
22.40
22.50
21.50
22.70
23.10
21.70
20.30
19.80
19.80
25.10
22.00
22.80
24.00
24.00
22.80
25.20
21.10
20.90
19.70
17.80
20.60
20.60
22.30
21.50
21.20
22.60
23.40
23.30
24.20
24.50
24.20
24.40
24.40
23.40
27.70
21.50
22.70
27.60
29.60
23.00
22.70
20.20
22.20
23.70
23.60
24.00
22.60
21.60
22.30
23.30
24.90
29.80
23.60
24.90
21.00
20.00
21.30
24.40
23.20
25.00
24.30
26.60
22.70
20.50
20.10
23.20
26.10
23.10
24.20
25.40
21.50
25.50
22.60
24.00
30.00
22.00
24.60
29.30
25.70
25.10
17.80
20.00
24.10
27.70
30.90
23.60
22.10
25.40
21.60
12.60
21.40
21.10
26.20
24.00
23.40
24.40
19.30
20.90
27.10
23.80
21.80
24.00
20.60
20.70
19.00
18.90
24.40
23.60
25.00
22.10
25.30
27.30
24.30
22.30
22.10
24.80
23.10
22.80
24.50
26.10
23.90
21.70
20.10
23.80
18.30
22.90
27.80
23.80
23.20
25.50
23.90
24.00
26.20
20.90
22.90
24.30
25.40
23.60
19.00
21.80
24.10
24.80
25.50
25.20
27.70
25.30
23.10
24.40
20.20
22.40
25.80
26.70
28.50
24.00
25.30
26.20
24.90
29.30
25.70
30.60
23.20
24.10
30.00
23.20
25.60
23.00
23.80
26.00
27.50
27.40
27.50
28.10
24.50
26.20
32.50
24.60
26.40
28.90
27.60
29.90
29.20
27.60
33.90
25.00
23.00
22.50
23.60
25.70
28.10
26.00
26.20
24.60
24.30
27.40
28.80
26.40
25.50
28.30
28.50
29.40
31.60
24.30
25.90
25.70
26.30
27.50
27.00
28.10
24.50
23.10
24.00
22.10
26.40
30.20
25.90
26.10
28.40
29.50
31.20
22.30
21.30
27.50
28.60
27.00
31.70
27.50
22.70
23.50
27.00
27.80
28.10
29.80
27.70
23.80
26.10
29.30
29.10
25.20
27.00
25.50
32.50
29.20
27.70
32.60
25.50
25.40
27.50
29.10
28.30
28.60
29.50
26.10
28.00
28.60
27.50
27.30
27.30
27.00
27.70
27.90
26.50
28.40
28.20
28.00
26.70
27.40
28.40
22.60
22.30
22.80
24.70
25.70
26.80
26.20
26.80
29.00
27.70
28.80
27.40
27.30
29.00
28.20
26.00
26.60
25.50
28.30
28.20
29.40
25.70
26.40
28.20
26.60
24.60
26.40
22.70
24.50
26.60
26.20
27.10
28.10
26.90
22.90
19.40
23.50
25.70
27.90
26.00
21.70
24.60
25.60
27.50
26.70
24.90
24.00
24.60
26.40
24.90
25.50
24.40
24.40
22.40
20.50
23.80
24.40
24.80
25.10
27.50
26.80
25.70
24.70
19.50
24.90
24.60
25.90
24.70
26.60
24.90
24.00
23.50
23.70
24.50
22.10
23.10
28.10
24.20
25.40
23.30
24.30
27.20
22.70
19.50
22.20
23.00
25.20
26.70
24.20
24.90
24.50
27.60
22.90
23.50
24.00
24.70
25.50
26.70
30.20
26.60
25.70
21.20
21.50
20.70
20.50
21.50
21.70
23.60
25.50
22.50
22.90
24.90
22.30
23.60
27.40
24.30
22.30
23.40
25.00
20.80
19.40
20.80
21.80
23.40
22.70
24.00
22.50
23.40
19.70
18.80
20.90
22.40
22.50
22.30
25.90
25.80
22.40
22.60
18.20
22.10
24.80
28.90
23.10
23.30
24.90
23.10
24.90
25.60
24.00
22.00
20.50
22.50
24.20
23.70
24.50
20.90
20.10
22.10
21.90
23.10
17.60
22.40
23.70
19.10
20.80
21.20
24.10
24.10
24.40
-999
23.30
23.70
24.10
29.00
23.40
23.90
17.20
18.30
22.40
23.20
26.00
23.30
23.40
22.40
19.90
18.20
23.00
25.90
24.00
19.50
18.30
24.50
22.50
24.50
24.50
18.00
17.90
22.80
21.50
22.90
24.60
26.60
25.00
26.10
24.80
22.80
20.40
23.60
22.90
23.60
24.20
22.90
26.10
24.60
21.80
22.00
23.10
22.70
24.20
20.80
25.40
27.80
24.10
21.80
23.90
23.90
19.60
20.10
23.70
25.50
23.30
23.10
22.80
25.30
24.90
30.40
29.20
25.30
22.50
26.20
29.40
25.40
22.20
21.80
19.80
20.70
23.60
18.90
21.70
24.90
24.80
24.30
26.60
27.00
25.20
21.90
24.40
21.50
22.10
19.40
23.40
22.50
23.40
22.10
27.50
28.30
32.00
25.60
25.80
22.60
22.40
26.10
21.00
27.10
25.50
26.60
26.20
23.60
27.30
28.30
28.50
27.30
24.90
25.00
29.50
23.20
28.00
24.40
26.20
28.00
31.00
25.60
28.90
25.30
23.60
26.60
27.80
27.00
26.50
30.20
27.70
28.00
26.60
30.20
27.90
25.60
26.40
29.60
30.60
24.50
27.60
30.30
29.40
31.80
30.10
28.00
28.90
27.30
23.90
24.90
31.00
28.00
26.00
29.00
27.80
28.60
32.80
32.40
30.40
30.00
30.40
29.40
32.60
29.30
28.50
31.00
32.70
25.20
27.70
27.80
28.80
30.10
29.20
29.70
29.70
30.20
27.20
25.90
26.90
29.10
26.60
24.20
26.50
28.10
28.80
28.70
28.50
30.40
28.70
28.80
29.20
28.50
25.50
25.20
28.00
26.30
26.00
28.00
27.90
30.00
29.60
28.70
30.30
32.50
29.00
31.90
27.00
28.30
28.30
25.10
28.40
29.70
30.30
27.40
28.50
29.90
28.00
28.30
32.40
23.90
25.60
26.80
28.00
29.50
28.30
27.60
27.70
26.90
30.30
25.30
25.80
28.90
23.70
21.70
24.80
29.10
29.20
27.20
26.50
27.40
26.30
27.60
30.00
29.80
27.00
27.70
25.70
26.10
30.90
25.70
26.00
24.20
27.50
30.00
23.40
26.80
26.00
26.20
24.80
26.50
26.80
27.60
28.10
27.00
26.00
26.30
27.40
28.60
21.60
24.70
24.50
25.30
24.10
25.30
23.90
24.70
24.70
28.10
29.40
19.20
20.10
23.30
25.00
24.80
23.80
17.70
21.20
20.40
22.00
22.90
23.90
22.90
23.10
22.10
23.40
28.30
24.60
18.60
22.20
26.80
22.90
21.00
22.90
24.20
22.60
25.90
29.00
19.70
23.90
25.60
27.50
21.70
17.90
22.20
23.10
27.40
20.80
25.00
23.70
25.00
24.30
25.00
24.60
29.20
25.00
22.90
25.80
28.90
25.30
20.10
22.10
24.20
27.60
28.70
30.20
27.40
26.60
24.20
25.50
25.50
18.90
19.80
19.60
22.10
25.30
27.10
22.60
23.80
23.30
26.70
19.20
21.80
23.50
27.40
23.40
21.50
24.00
25.80
25.40
25.30
23.70
26.30
28.70
23.90
21.30
22.60
24.80
28.20
27.30
21.40
22.70
24.80
24.30
20.00
28.50
25.50
40.40
31.40
20.50
21.80
26.70
28.70
28.30
27.00
27.00
27.30
24.50
21.50
29.50
24.20
22.00
26.50
28.60
28.90
25.00
25.40
19.90
21.40
25.50
24.60
25.20
25.10
26.90
26.10
20.00
21.70
32.90
21.00
21.90
23.60
25.20
27.00
27.90
30.00
28.70
25.90
23.90
24.50
23.30
23.40
28.00
25.50
25.80
24.30
27.20
29.60
31.50
32.40
22.90
25.90
27.10
31.60
24.40
21.50
25.70
25.30
26.60
22.20
26.70
32.50
21.70
21.80
27.00
28.10
27.50
23.20
24.80
22.80
26.10
25.90
31.40
25.80
23.80
25.50
29.00
24.60
26.70
26.70
27.30
24.50
22.70
23.70
27.00
28.40
28.00
24.30
28.40
26.90
25.30
20.90
28.00
27.10
28.40
28.20
26.60
30.20
28.90
30.10
24.30
24.60
27.20
30.60
31.20
26.80
26.20
30.10
35.70
24.60
25.40
27.40
28.30
28.90
29.10
29.20
27.70
28.00
27.40
29.80
31.00
26.60
31.60
28.00
31.50
32.00
26.20
27.50
32.70
25.60
28.50
23.80
25.90
28.20
27.30
29.50
29.00
31.10
29.60
27.80
29.80
28.50
29.00
32.00
29.60
30.60
32.00
32.10
30.00
30.80
30.20
30.60
29.40
29.00
30.10
29.00
30.80
28.60
31.60
31.00
29.20
29.10
29.30
30.50
28.50
29.80
30.90
30.20
29.80
32.80
29.40
30.80
31.70
30.40
28.90
32.30
32.60
34.70
30.60
29.80
31.40
31.40
27.80
30.40
27.40
29.50
31.50
31.10
29.80
26.80
29.60
29.20
28.20
29.70
29.70
30.50
31.20
32.20
27.20
22.50
25.00
22.90
25.80
26.60
22.30
26.80
27.40
27.20
27.10
27.90
28.80
27.50
23.20
21.30
23.90
26.40
27.60
24.30
24.90
24.40
30.60
29.00
27.80
23.70
24.60
26.00
23.30
24.20
25.90
26.20
24.90
26.50
25.40
24.40
20.30
24.00
24.40
26.00
23.60
27.00
27.90
26.10
26.70
23.40
25.60
23.00
24.00
25.90
29.60
25.40
26.60
20.00
20.20
20.80
22.80
21.70
25.70
23.20
23.40
26.30
24.40
27.10
22.40
21.60
24.50
21.60
22.20
20.80
23.30
22.40
24.80
24.60
27.10
24.30
24.70
22.70
24.80
23.00
21.60
22.30
24.20
19.00
23.80
23.00
20.20
23.30
24.40
21.40
20.70
23.10
19.60
19.70
21.00
21.90
22.20
20.30
21.60
22.50
22.40
23.50
22.00
22.60
22.10
21.40
21.20
23.70
22.70
21.00
24.60
23.60
22.90
21.30
17.80
15.10
16.80
22.00
16.80
20.90
23.30
23.30
22.10
23.50
26.20
21.70
15.90
19.00
22.20
22.10
21.90
23.30
22.90
21.30
14.70
17.30
20.70
21.90
22.20
24.20
21.60
26.70
27.70
25.20
27.20
24.50
24.90
18.70
19.70
23.20
26.10
23.30
24.60
26.30
20.90
22.90
24.70
24.00
24.40
25.70
23.60
23.10
27.90
25.60
25.00
20.40
27.80
22.50
24.10
33.70
20.90
22.90
21.40
23.30
23.00
21.10
23.20
27.20
22.00
23.10
26.10
22.00
24.50
23.80
18.50
23.60
20.50
23.90
26.60
26.80
27.10
27.00
27.40
27.40
26.60
26.40
24.00
23.90
22.10
24.90
27.90
24.60
24.30
31.00
25.50
26.30
21.50
24.70
24.50
25.30
25.20
25.60
20.80
22.80
25.60
28.60
28.70
26.50
24.50
27.00
33.70
27.20
21.70
24.40
25.80
22.20
23.70
26.30
27.80
24.20
25.10
22.00
27.70
27.90
23.50
23.20
19.00
22.60
25.40
24.70
27.70
27.10
31.70
28.90
26.50
24.90
25.60
27.20
29.30
29.60
23.30
22.50
26.00
29.10
25.80
28.80
30.70
25.00
28.30
26.00
27.40
29.80
29.80
31.70
32.60
23.60
26.70
30.10
30.20
30.90
25.80
26.70
28.10
25.70
30.40
30.40
27.90
31.20
24.70
28.10
31.50
30.10
31.80
33.50
32.60
32.60
33.10
28.30
30.90
29.70
31.80
30.30
30.60
31.40
32.60
29.10
30.60
27.90
27.40
29.50
30.20
29.70
30.50
31.70
33.00
31.70
31.20
32.40
35.10
28.90
29.80
31.40
33.90
30.20
30.70
24.50
29.80
28.90
33.00
27.40
30.80
28.10
26.40
29.90
31.10
29.70
32.70
28.30
29.00
31.10
33.00
31.90
32.90
30.10
31.70
33.00
31.70
24.10
26.30
25.50
28.50
30.50
29.90
29.90
29.70
29.30
27.70
28.90
28.00
28.50
28.20
26.60
31.50
30.50
31.20
29.40
31.20
29.70
30.40
31.80
35.20
28.10
34.00
32.50
21.00
24.00
26.20
27.00
30.30
27.40
29.10
30.00
30.60
23.30
24.90
25.40
23.60
26.00
25.40
30.00
25.90
29.00
24.30
22.40
26.10
27.50
25.10
18.80
23.20
25.50
27.30
28.40
25.70
28.80
28.40
26.40
27.50
32.00
27.30
25.30
26.70
28.20
27.30
27.80
29.50
25.50
27.10
29.60
25.80
22.10
24.50
27.60
33.30
19.30
20.80
22.50
24.50
28.10
24.90
26.70
24.20
25.40
26.30
29.10
23.20
23.20
23.80
23.80
23.90
24.10
27.80
23.90
23.60
27.70
24.40
21.50
24.90
23.40
21.20
21.30
25.30
27.00
26.50
24.40
24.50
22.60
19.10
19.10
21.40
22.30
24.50
24.20
25.90
24.10
29.50
25.80
23.50
22.60
23.40
32.00
21.70
24.80
26.80
20.50
24.30
24.30
23.50
20.80
20.80
24.80
21.90
20.70
21.80
22.90
21.50
25.40
22.50
22.80
19.40
24.10
24.30
25.60
21.60
20.90
20.70
21.80
24.40
19.80
19.70
21.20
24.90
24.50
20.70
15.70
20.70
23.90
26.70
29.30
22.90
23.50
29.10
29.70
20.60
18.60
25.40
27.10
22.30
20.60
20.30
19.90
21.70
38.70
25.40
24.90
23.50
32.20
25.70
30.40
21.80
22.70
21.30
17.70
16.10
19.00
20.20
26.20
27.90
22.70
23.50
24.90
29.70
18.40
16.80
22.50
23.90
24.60
22.10
24.20
32.80
20.30
22.90
23.40
23.50
28.10
23.90
20.10
22.00
23.90
27.90
25.50
24.10
22.30
20.30
25.00
21.70
18.30
25.20
23.00
20.40
19.50
25.30
27.00
26.80
24.60
25.60
28.50
23.50
19.50
25.50
24.40
22.70
22.00
22.70
28.40
21.20
20.80
24.20
21.50
21.90
19.10
22.90
23.60
26.80
23.50
23.80
21.70
21.60
24.30
26.80
29.10
24.80
24.80
22.10
24.10
25.50
24.80
23.80
25.80
27.90
23.30
24.90
28.10
28.70
20.40
26.00
20.30
25.40
25.50
23.00
26.40
25.10
26.50
28.40
23.00
25.30
28.50
25.90
27.10
26.70
23.30
26.10
26.40
30.10
29.10
25.80
28.80
29.00
27.30
28.50
31.20
29.20
31.60
29.80
30.40
27.60
29.20
28.80
32.10
30.40
31.10