0240808A2 -29.97 30.95 14.00
1959010112 2000123112 0
DURBAN_WO_________________
56.7
10.4
0
0.1
16.4
10.6
0
0.8
0
0.3
0
0.1
0.5
0
0
0
0.6
0
0.1
8.1
0.4
0.1
0
0
1.4
0.7
0
3.7
13
1.2
0
0
0
1.9
0.2
0
0
26.8
4.6
0.8
0
0
0
0
0
20.6
10.3
3.2
0.9
0
0
0
0
0
0
0
0
0
0
1.2
0.9
0
0.2
0
0
0
0.3
1.9
5
3.1
0.9
0
0
0
0
5
0.6
4.2
0
0
0
0
0
0.3
0
0.4
0
0
0
0
0
0
0
0
0
0
0
2.7
0
0
0.3
1.9
2.5
0
0
0
0
0
0
0
3.2
8.4
0
0
4.2
0
0
5.7
3.8
0
0
0
23.3
5.9
0
0
0
0
0
0
0.7
0
0
0
1.1
58
55
8.2
0
0
0
0
0
0
0
0
0
0
0
0
0
0
0
0
0
0
0
0
0
0
0
0
0
0
0
0
0
0
0
0
0
0
0
0
0
0
0
0
0
0
0
0
0
0
3.7
0
0
0
100.3
0
0
0
0
0
4.2
0
0
1.6
0.6
0
0
0
0
0
0
0
0
0
0
0
0
0
0
3
0
0
0
0
0
0
0
0
0
0
0
0
0
7.4
0
0
0
0
0
0
0
0
5
0.5
0
0
0
0.1
63.6
0.8
0
0
0
0
0
0
0
0.1
0
0
21.5
8
0
0
0
0
0
0
0
0.7
0
0
0
0
5.5
0
0
0
0
0
0.3
6.2
7.2
0
0
0
0
0
0.2
0
0.2
0.2
1.8
0
0
2.5
0.2
44.6
0.7
0
12
4
0
0
0
0.1
0
0
1.4
1.7
0.8
7
0
0
0
0.7
16.3
14.7
3.5
0
0.7
1.3
0.5
0.4
0
1
0
0
0.3
0
0
0
0
0
1.5
0
1.2
0.1
23.8
0.8
5.2
4.6
0.2
7.5
9.5
0
0
0.3
0
0.4
0
0
0
0.2
0
2.7
29.3
10.5
0
0
0.1
0.5
0
1.9
0
0.1
0.7
0.7
0
0.2
0
0
2.2
0
0
0
0.3
0
0
0.1
0
0
4.7
0
0
0
0
3.7
0
22.3
3.1
0.2
0.2
0
0
15.8
3.5
0
0.1
13.4
0
0
0
1.5
18.7
0
0
0
1.5
17.4
0
0.8
17.5
4.3
0
0
0
0
0
0.8
0.8
0
2.4
11.9
0.1
0
0
0.1
14.2
0
0
0
1
0
1.6
0
0.2
2.3
1.5
0
0
0
2
0
0
0.1
0
0
0
7.3
4.4
0.2
0
6.4
2.4
0.6
0.1
0
0
0
0
28.1
4
0
0.3
0
5.3
0
0
0
7.5
0
0
0
5.3
28.5
0
0
1.1
0
0
0.4
1.7
7.7
17.7
2.8
0
0
0
0
0
0
0
0
0
0
0
0
0.2
4.6
0
0
0
0
0
6
0
0
0
0
0
0
0
0
0
1
0
0
0
0
0
0
1.4
0.1
0
0
0
0
0.1
0
0
0
0
0
0
0
0
0
0
0
0
0
0.5
1.5
0
0
0
0
0
0
0
0
0
0
0.8
2
0
0
0
17
0
0
0
0
0
0
0
0
0
1.5
0
0
0
0.2
0
0
0
0.6
1.3
0
0
0
0
0
0
0
0
0
0
0
0
0
0
0
0
0
0
0
0
0
0
0.6
4.3
0
0.4
0
0
0
0
0
1
0
0
1.1
0
0
0
0
0
0.1
1.7
1.4
0
0
0
0
0
0
0
0
0
0
0
0
0
20
26.5
0.5
0
0
0.3
0.4
0.5
1.4
0
0
0
12.1
29.4
3.1
0
9
0
0
0
1.6
2
7
0
0
0
0
0
22.5
0.9
0
0.1
1.1
0.1
0
0
0
0.4
0
0
0.3
0
0
0
0
9.5
1.3
6.5
47
0
0
0
0
3.9
24
0
0
9.5
2.3
5
18.7
18.9
11
0
0
0
0
0
0.4
0
0
0
6.2
17.7
0.2
0
18.8
4.7
0
0
1.2
1.1
0.1
0.6
0
0
0
1.7
67.5
5
0
1.2
2.8
0.6
0
1.4
0
0
2.8
16.4
8.5
7.8
0
0
0
0
1.6
6
7
0
0
0
0
0
0
0
0
6
5.7
3.5
2.6
1.9
0
0
4.7
0
0
0
39
4.7
40.2
0
0
0
3.5
0.1
0
13.8
12.6
2
0
0
28
0
0
4.4
4.4
0
0
0
0
0
0
0
0
0.7
0
0
0
0
0.4
0
5
10.5
0
12
17.1
7.2
0
0
40
0
7.7
0
0
0
0
0
0
0
0
0
0
0
0
0.2
0
0
28
0
0
0
0
0
0
3.7
16
53.5
2.2
0
0.3
0.2
82
67.6
1.5
0
0
0
0
2.7
24
1
0
0
0
0
0
0
20.1
0
0
0
0
0
1.2
0
0
0
0
0
0
5.5
0.4
0
0
0
0
0
0
0
2.4
59.3
0
0
0
0
0
0
0
0
0
0
0
0
0
0.2
0
0
6
0
0
0
0
0
0
0.5
0
0
0
22
1.3
0
108.7
0
0
0
0.4
0
0
0
0
0
0
0
0
0
0.7
0.4
0
0
0
0
0
0
0
0
0
0
0
0
0
0
0
0.2
25.1
23
0
0
0.5
0
0
0
0
0
0
16.5
7
0
6.8
4.4
0
0
0
0
0
0
0
0
0
0
1
0
0
0
0
0
0
0
0
0
0
0.1
0
0
0
0.2
0.3
0
0
0
0
0
0
0
0
0
0
0
0
0
18.6
14
0.6
0
0
0.5
9.2
8.4
0.2
0
0
0
16
4.6
0
0
0.1
0
4.5
0
0
0
0
0
0
0
2.6
0.2
0
1.8
0
0
0
0
0
17.6
8
0.3
4
0.8
0
16.4
24.8
9
1.9
0
0
2.5
1.3
0.4
1
0
0
0.4
1.4
3
8.8
0
4.6
21.2
0
1
4
0
0
0.5
7
19.3
0.9
0.3
0
0
0
0.5
0
2
3.6
0
0
0.3
8
14.8
1.2
0
0
0.2
0.3
0.7
0
6.9
7.5
1
0.5
0
0
0.5
0
0
0
4.5
25.7
1.1
0
1.5
0
0
0
2.2
0
0
0.1
16.5
0
0
17.1
4
0
0
0
0
6.9
7.4
10.9
0
1.5
4.5
13.9
0
0
0
0
0
2.8
0.3
0
0
0.3
0.1
0
0.3
17.1
4.5
0.3
0
0
0
0.7
6.3
0
0.1
12.5
24.9
7.6
0
0
0
0
0
0
1.2
0.7
0
9.6
0
3.3
0
0
0
0.1
0
0
1
5.5
2.5
0
13.2
16.5
0
0
0
0
0
0
0
0
0
1.1
0.3
5.1
4
28.2
63
20.5
0
4.2
1.1
0
0.4
4
4.3
0.8
0
0
0
0
0
0
0
0
0
0
0
0
0
0
0.5
0.5
0
0
0
0.2
29
0
0
0.5
0
0
18.3
4.5
1.4
0
14.5
4.5
0
0
5
0
0
0
0
0
0
0
0
0
0
0.8
0
0
0
0
0
0
0
0
0
0
0
0
0
0
0
0
0
0
0
0
0
0
0
1
0
0
0
0
0
0
0
0
0
0
0
0
0
0
0
0
0
0
0
0
0
0
0
0
0
0
0
0
0
0
0
0
0
0
0.1
0
0
0
0
0
0
1.3
0
0
0
0
0
0
0
0
1
4.7
0
0
0
0
0
0
0
0
2.1
0
0
0
0
0
0
0
0
0
0
0
0
5.1
39
14.5
0
0
0
0
0
0
0
0
0
0
0
2
3.7
1.2
0
0
5
0
0
0
3.7
0
6.6
0
0
0
0
0
0
0.3
0.5
0
0.2
0.9
3.8
2.7
0.2
0
2.9
0.3
0
7.4
11.3
0
0
0
0.2
0
0
0
0
0.3
7.7
0
6.5
0
0
0
0
3.5
4.4
2.5
6.5
0
0
0
28.5
0.8
30
0
0
0
12
0.5
0
0
10.5
20
0.7
0
3.7
1.5
20
0.1
0
27.5
3.7
2.2
3.5
9.7
6.5
23.2
0.7
0
0
1
0
0
0
0
3.4
0.5
0
1.3
2.4
12.8
0
5.8
0
0.2
0.5
0.3
12
8.5
0
0
0
28.6
0
0
4.7
0
7.1
0
0
0
0
0
0
11
0
0.4
3.5
37.5
0
14.8
0
0
0
0
0
0
0.3
0.9
0
0
1.3
109.1
52.3
19.1
0.5
4.8
0
0.2
10.8
3.7
0.7
5.3
0
0
0.2
0.5
0
0
16.5
0
0
0
0
0.3
0
0
0
6.1
0.3
0
0
7.8
10
0.5
0.4
1.6
0
0
0
0.9
4.6
0
0
1.3
9.3
2.8
13
2.5
2.2
21.5
0.3
0.3
0
0
35.5
12.7
0
0
0.4
0.5
21
0
0
0
0
0
0
0
0
0
1.3
0
0
7.2
1.8
1
0
0
0
0
5
5.5
0
0
0
0
0
0
2.4
0
0
0
0
0
0
0
0
0
0
0
0
1
0
0
0
17.1
1
0
0
0.1
0.2
0
0
0
0
0
0
0
0
0
0
0
0
0
0
0
0
0
0
0
0
0
4.5
1.1
0
0
0
0
0
0
5.8
0.6
0
1.2
0
0
0
8.7
0
0
0
0
0
0
0
0
2.5
10.1
0
0
27.4
14.5
25.5
1.5
0
0
0
0
0
47
22.2
1.4
0.6
0
0
0
0
0
6
0.2
0
0
0.1
0
0.7
0
0
0
0
0
0
0
0
0
0
0
0
0
0
0
0
0
0
1.1
0.8
0
0
12.1
0
0
0
0
0
0
0
0.4
0
0
0
0
0
14.4
8.4
0
1.4
0.1
0
0
0
0
0
0
0
0
0.1
0
0
0
4.7
14.4
0
0.5
0
0
0
0
0.1
0
0
0
0
0
0
0
0
0
2.9
0.1
0
8.5
6.2
2
0.1
0
0.9
15
1.2
0.5
0.6
0
0
0
0.2
2.9
14.8
2.8
0.2
0
0
19.5
0
0
1.4
0
0
1.2
1.3
1.9
0
0
0.1
0
0
0
10
0.2
1.1
1.2
6.4
0
0
3.7
0
0
0.2
0
7.7
0.2
3
4.1
0.6
0
0
0
1.5
0.1
0
0
0
0
2.2
0
0
41.4
13.5
162.5
0
0.3
0
0
0
0.7
2.4
4
4.2
0
0
0
0
0
0
0
0
0
2.5
0.2
0
0
0
0
27.3
4
40
32.2
0
0
0
46.2
20.1
0
0.2
3
0
1.3
0.1
0
0
0
0
3.8
5
9.6
0
0
0
43.5
4.4
8.8
0
0
0
0
0
11.5
1.8
0
1.8
0
0
0
0
0
6.7
5.7
0
0
0
0
0
0
0.4
0
0
0
0.3
0
0
0.1
0
0
0
0
0
0
0
1.3
2
0
0
0.8
0
0
0
0
0
44.5
4.2
3.5
9.1
13
3
0
0.3
0.5
0
0
0
0
0
0
2.8
0
0
1.4
1.7
0
3.5
0
25.1
0
0
0
0
0
0
0
0
0
0
0
4
24.6
0
0
0
0
0
0
0
0
0
0
11.6
0
0
0.7
0
0
0
0
0
0
0
0
0
0
0
0
0
0
0
0
0
0
0.2
0
0
0
0
0
0
0
0
0
0
0
0
0
0
0
0
0
0
12.1
6.2
0.8
0
0
0
0
0
0
0
0
0
0
0
0
0
3.5
0
0
0
0
0
0
0
0
0
0
0
0
0
0
0
0
0
0
0
22.8
2.2
0
0
4.3
0
0
0
0
0
0.6
0
3.2
0
0
0
0
0
0
0.1
0
0
0
0
0
0
0
0
0
0
0
0
0
0
0
0
0
0
0
0.6
0.6
0
0
0
6.5
0.2
0.4
0
0
0
0
0
9.3
10.2
14.4
0
0
0
0
1.7
0
0.1
1
0.5
3.5
2
0.2
0
0
3.3
0.6
0
0
0
0
0.3
0
0
0
0
4.7
0
3
0
5
1
0
0
0
86.7
11
4.3
0
2.3
27.4
83
0
0
18
0
0.4
1.5
0
0
0
0
0
0
16.2
0.2
0
0
0
0
0
15.5
6.9
11.8
0
17.6
13
0
0
0
0
3.4
3.3
0.3
0
0
5
0
1.3
0
0.4
0.2
1
0
0
0
0.2
0
4.7
0
0
6.1
1.3
0
3.1
0
0
3.3
28
2.6
0
0
16
2.1
0.1
0
0
0.3
1.4
0
0
37.1
1.4
0
0.2
0
0
3.7
8.8
12.9
1.7
0
0
0
0
0
0
0
2.9
0.9
8.8
7.2
0.8
0.5
0
0
0
0
0
0
0
0
0
0
0
2.1
0
0
3.5
65.1
3.4
0
0.8
0
5.1
18.1
2.8
9
2.7
0
0
0
0
2.3
0
0
0
2.2
0
0
0
0
8.8
2.9
2.1
0
0
0
0
0
0
0
0.3
0
0
0
0
0
0
13.4
0
0
0
0
0
0
1.6
2.3
0
0
0
0
0
0
0
0
0
0
3.3
3.6
0.4
0
33.3
0
0
0
0
5.1
0.1
0.5
0.3
0
0
0
0
0
0
0
0
0
0
0
0.7
0
0
0
0
0
0.7
0
0
0
0
4
0
0
0
0
0
0
0
0.1
0
0
2.8
0
26.4
79
7.9
0
0
0
0
0
1
0
0
0
0
0
0
0
0
53
45.3
21.3
0
0
0
0
0
0
0
0
0
0
0
0
0
0
0
0
0
9
0
0
0
0
0
0
7.4
0
0
0
0
25
0.3
0
0
0
0
0.2
0
0
0
0
0
0
2.5
0
0
0
0
0
0
0
0
0
0
0
0
0
0
0
0
0
0
0
0
0
0
0
0
0
0.1
43.8
8.4
8
14
0
0
0
0
0
25.8
1
0
0
0
0
0
0
0
0
0
0
5
9
0
0
0
0
0.3
2.4
7
0
0
0
0
39.7
1
3
2.3
0
0
0
0
4
8.8
5.5
1.3
0
0.8
0
0
0
0
39.3
18
1.7
0
0
0
0
0.3
0.3
0
0.4
0
0.4
3.5
0
0.8
5.5
11.7
2.5
0
9.8
0
0
0
4.2
6.7
28.4
10.7
0
12.8
0
3.3
0
1
0
19.8
2.9
2.3
0
0.5
0
5.3
0
0
0
7.4
0.5
0
0
9.8
1.8
0.3
6.1
0
0
0
0
0.6
2.1
2.5
0
0
0.5
8.8
0
0
0
0
0.3
0
0
24.4
7.8
0
0
1.7
0
0
0.2
0
0
0.6
26.4
0.6
0
0.3
0
0
0.3
0
0
9.4
1.3
57.5
2.6
0
12.7
27.5
0.1
0
0.9
0
0
0.1
0
0
10
0
11.7
12.5
0
16.8
5.5
0
0.4
0
0.1
0
0
0.1
0
4
0
0
3.2
0
11.2
0
2.7
0
0
0
1.5
0
0
0
0
0
0
0
0
5.4
2.9
0
0
0
0
0
0
1.6
0
0
0.3
0
0
0
0
0
0
1
0
9.6
0.1
0.5
0
2.8
0
0
0
15.9
0
0
0
0
0.1
4.8
9
0
0
0
0
0.5
3
0.5
0
0
0
0
0.6
0.6
0
0.6
0
0
0.4
0
0
0
0
0
0
3.3
0.3
0
6.4
0.1
0.7
0
0
1.4
0
0
7.9
32.5
37
10.9
0
0
0
0
0
0
0
0
2.3
0
0
12.4
0
0
0
0.7
0
0
0
0
0
1.4
1.3
0
0
0
0
0
0
0
0
22.3
0.4
0
0
0
0
0
0
0
0
0
0
0
0
0
0
0
0
0
0
0
0
0
0
0
0
0
6.5
0
0
0
0
0
6.4
0
0
0
0
0
0.5
0
0
0
0
0
0
0
0
0
0
0
0
0
1.8
3.6
0
0
3.7
7.7
0
0
0
0
0
0
0
0
3.5
10.6
0
0
0
0
0.4
5.2
2.3
0
0
0
0
0
0
0
0
0
0.6
6.1
18.2
0
0
0
0
0
3.8
0
2.5
0
0.4
1.8
0
0
0
0.1
0
0.5
6.7
0
0
0
0.3
1.4
2.6
0.4
10.8
9.3
0
0
4.6
0.2
0
0.1
3.3
0
0
0
0.5
0
0
0.5
0
0.1
0
0
0.2
20
47
11.5
0
0
2.7
0
0
0
0
0
0.2
0
0
0
17.5
0.6
0
0.2
0
0
0
0.3
1.6
8.6
0.3
2
0
0
5
0.5
0
0
0.1
0.2
0.7
0
0
0
0
0.2
17.8
4.4
13.1
7.3
0
0.2
0
7.5
0
0
2.6
0
0.2
0
0
0
0.1
0
1.7
1.4
0.1
1.2
0.7
4.1
0
8
12
0
0
0.5
8
0
0.5
6.9
0
0
19.6
1.5
2.2
0.3
0.1
0
0
0
0
0
0
13.1
60.5
4.7
0.1
0.8
0
0
0.2
0.3
38.9
4.2
9.3
0
0
0
0
0
18
3.4
6
2.8
0
0
0
0.4
0
0
0
0
0
2
0.4
0
0
0
0
0
0
0.2
56.2
38.4
19.4
30.6
0
0
0
0
23.6
10.7
33.2
0
0
0
0
11.5
15.7
1.3
0
0.3
1.1
0.5
24.9
1.3
0
0
16.4
2.2
0
0.1
6.5
26.8
2.5
0
0
0
0
8
17.7
0
0.5
0
0
0
0
0
0
0
0
0
6.5
0
0
0
0
0
0
0
0
0
0
0
0
0
0.1
0.5
0
0
0
0
0
0
0.6
0
1
0
0
0
0.2
0
0.6
0
0
2.8
1.5
0.1
0
0
0
0
0
0
0
0
0
0
0
0
0
0
0
0
0.2
0
0
0
0
0
0
0
0
0
0
0
0
0
0
0
0
0
3
0
0
0
0
17.5
1.6
1
0
0
0
0
0
2.5
0
0
4.9
0
0
0
0
0
0
0.2
0
0
0
0
0
0
0.2
0
0
0
0
0
0.2
1.4
0
0
0.6
0.1
0
0
0
0
0
0
0
0
0
0
0
0
0
0.6
0
0
0
4.2
0
0
0
0
0
0
0
0
0
0
7
12.1
0
0
0
0
0.2
0
0
0
0
0
0
0
0
0
0
0
0
0.2
0.6
0
0
0
0
0
0
0
0
0
0
0
0
0
0
2.8
0.7
0
6.6
23.5
10.1
64.9
0.4
3
0.2
2.9
0
0
0
0
0
0.3
7.6
3.8
5.2
0.1
0
8.4
0.1
0.5
0
6.4
52.9
38.1
0
0
0
0
0
2
0
0
0
0
28.8
0
2.1
0.7
0
0
0
0
0
0
0
5.8
3.5
0
0
0.1
4.6
0.1
0
0
0
0
0
7.6
5.6
38.6
0.2
0
0
0
0
0
0
0
0
0
0.7
0
0
0
18.7
58
0.2
0
7.3
0
35.2
0.2
0
0.9
0
28.7
64.5
0.8
0
1.9
1.3
0
0.6
5.5
0
1.6
2
26.2
2.7
0
81
0
0
0
0
0
7.6
0.2
0
4.5
0
0
0.3
15.2
0
0
0
6.4
0.3
0
0
0
0.2
0
0.5
7.7
0
5.1
0
106.1
1.3
0
2.7
2.7
2.2
0.8
0
0
10.6
4.7
0
0
0.3
0.3
0
0
0
0
0
3.5
12
13.5
0.6
0.1
0
0
0
0
0.2
6
6.6
11.2
0.2
0
0
0
0
0
0.1
0
0
0
0
0
0
0
0
0
0
0
0.2
0.1
0
0.1
1.7
0
0
0
0
0
0
0
0
0
0
0.4
0
0
19.8
0.8
0
0
0
2
0
0
0
0
0
1.2
0
0
0
0
0
0
5.3
0
0
0
0.7
1.2
0
0
0
0
0
0
0
8
0
0
0
0
0
0
0
0
0
0.2
0
0
0
0
1.6
0
0
0
0
0
0
0
0
0
0
0
0
1
0
0
0
0
0
0
0
0
0
0
0
0.1
0
0
0
0
0
0
0
0
3.3
0
0
0
0
8.5
0
0
0
2.3
70.8
0
0
0
11
0.4
0
0
0
0
0
6.3
0
0
0
0
0
0
0
0.5
0
0.4
0.6
4
11.2
0
0.5
0
0
12.6
10.5
0
0
0.2
0.1
0
0
0
0.3
0
0
0
0
0
0.1
0
4.7
0
0
0
13
28.3
0
0
4.5
0.3
0
0
0
0
0
0.5
0.7
0.2
0
0
0
1
0.8
0
0
15.5
14
1.5
0
6.9
0.9
0
0
0.8
0.7
0
5
0.5
0
0
0
0
0
0
0.1
6.3
7.7
12.8
11.5
0.3
0
2.6
4.1
2.3
0
0
0.3
0.1
0
1
6
7.3
1.2
2.1
0.1
0
0
0
0
1.2
2.4
0
0
0.2
3.2
1.3
22.5
0.6
0
0
0.7
0
0
0
0
0
0
0
0
0
1.4
9.7
0.4
8.7
4.4
0
4.8
8.6
0
0
0
0
0
0
1.4
0
0
0.8
0
0
0
0
16.3
5.5
0
0
0.3
0
0
3.7
1.8
0
0
0
0.2
7.5
0
0
0
0
0
0
0
3
2.2
0
3.9
16
0
10
4.9
0
0.1
12.4
2.3
1.8
0
0
0.5
0
17
0.1
0
0
4.6
2
0.5
6.6
79.5
0
0
0
0
0
29.5
0
3.5
1.8
10.7
11.2
0
0
2.8
0
0
0
0
0
7.5
0.2
0
0
7.4
6.6
29
1.5
1.3
0
0
0
12.7
1.4
0
0
0
0.5
50.3
0
0
0
0
0
2.8
0
0
0.7
0
0
0
0
1
4.6
8.2
9.3
0
0
0
0
0
0
0
0
0
0
1.8
0
0
0
13.8
0
0
0
0
0
1.1
0
0
1
18.1
100.9
29
4.8
0
0
0
0
0
0
0
0
0
0
0
0
7.7
1.5
0
0
0
0
0
0
0
0
0
5.4
0
0
0
0
0
0
0
0
0
0
0.1
0
0
0
0
0
0
0
0
0
0
0
0
0
0
0
0
0
0
0
0
9.5
11.4
0
0
0
0
0
0
0
0
0
0
0
0
0
0
0
3.1
0.1
0
0
3.2
0
0
0
0
0
0
0
0
0
0
0
0
0
0
0
0
0
0
0
0
0
0
19.4
10.1
0
0.3
0.1
1.2
0
4.6
0
0
1.5
0.5
0.6
0.2
0
0
0
0
1.4
0
5.8
1.1
0.5
0
0
0
0
9.8
17.3
10.4
10.4
2.9
0
0.1
0
0
0
0
0
0
0
0
5.5
1.5
0
0.1
4
38.5
55.3
1.7
0.1
7.1
0
4.1
26.4
2.1
0
0
1.9
8
0
1.5
0.4
0
0.1
12.4
1.6
0
0.1
8.6
0.4
2.2
21.9
0
0
0
0
0
0
0
0.9
9
63.5
16.4
4
0.8
0
0.2
4
11.9
1.5
0
0
15.8
0.3
0
0
0.3
20.5
4.4
1.2
0
0
0
2.3
2.5
2.7
3.2
0
0
0.1
2.5
1.6
7.1
0
5.8
8.2
0
0
9.7
0
0
0
11.4
3.7
2.5
0.4
1.7
0
0
0
0
0
0
0
0
23
37.8
1
1.1
0.5
0.1
1.5
0
2.3
0.2
0.3
0
0
0
2.6
1.7
0
0.2
6.7
0.6
0
0
0
0
0.8
0
1.3
0.3
2.2
1.3
0
0
0
20.3
0
0
0
0
0
0
0
0
0
0
0
0.5
7.2
0
0
1.2
0
0
0
0
0.9
2
0
0.6
0
0
0
0
0
0
0.9
5.6
0
0
0
0
0
0
1.7
2.6
0
0
0
0.6
0.2
0
0.3
0
0
0.9
0
0
0
0
0
0.2
10.4
0
0
0
0
0
3.5
1
15.2
5.6
0
0
17.7
0
4.8
2.7
3.3
0
0
0
0.2
1.3
0
0
23
0
0.3
0
56.7
0
0
0
0
0
0
7.7
1
0
0
0
0
0
0
0
0
0
0
0
0
0
0
0
0
0.9
0
0
0
0
0
0
0
0
0
0
0
0
4.1
0
0.1
0
0
0
8.5
58.1
0
0
0
0
0
0
0
0
0
0
0.3
0
0
0
0
0
0
0
0
0
0
8.2
0.7
0
4.1
10.1
0
0
0
0
0
0
0
0
0
0
0
0
0
0
0
0
0
2.6
0.1
0.3
0
0.6
0
0
0
0
0
0
0
0
0
0
0.4
8.5
17.4
69.5
0
0
0
0
0
0
0
0
0
0
0
0
0.2
0
1
0
2.2
0.4
0
0
0
0
0
0
0
0
0
0
0
5
1.6
32
35.4
0.1
0
0
0.7
0
0
0
1.7
13.7
1.4
11.5
48
23
0.1
0.1
2
0.8
0
0
0
0
0
0.3
7.6
0
0
0
0
0
0.9
0.4
0
0
3.2
0.7
0.4
0
6.5
0
7.4
5.5
4
7.5
0
0
9.2
0
10.8
0.6
0
20.9
0
0
0
0.2
6.8
0
0
10.2
5.8
0
2.6
0
0
1
0.2
7.3
21.9
0
0
13
0
0
0
4.9
1.4
12
0
0.7
1.8
0
0.3
5
0
0
1
0.6
0.6
0.7
22.9
0
2.1
2.9
0
12
9.2
0
0
0
1.5
0.1
0
0.1
8.7
0.3
0
0
3.2
0
2.6
0
0
0.2
16.4
0
13.5
20.2
7
0
1.8
0
0
3
0
30
0
0
16
1.2
0
9.8
10.6
0.3
0
3.3
0
0
0
27
9.7
1.6
0
0
0
1.6
5.6
0
0
0
0
10.3
2.5
17.9
0.1
6.4
18.9
8.3
0
0
0
0
0.8
16.1
2.6
0
0
0
0
0
0
0
1.2
0
10.6
3.3
0
0
24.6
34.9
0
12.1
1
0
0
3.5
17.3
8.2
0
1.3
1.3
6
0
0
0
0
0
1.8
3.5
0
0
0
0
1.5
0
0
8.9
0
0
0
0
0
0
0
31.6
9.2
3.2
0
0
0
0
0
0
0
22.2
110.6
0
0
0.5
0
0
0
0
0.2
0
0
0
0
0
0
4.7
13.2
0.2
30.8
0.7
0
0
0
0
0
0
0
0
0
0
0
0
0
0
0
0
0
0
0
0
0
0
0
0
0
0
0
0
0
0
0
0
1.4
58.7
0.3
0
0
0
0
0
0
0
0
0
0
0
0
0
0
0
0
0
0
0
40.7
0
0
0
0
11.5
4.7
0
0
0
0
0
0
0
0
0
0.6
0
0
0
0
0
0
0
0
4
39.5
24.2
0
0
0
0
0
0
0
0
0
0
0.2
0
1
0
0
6.4
0
9
2.7
0
0
0
0
0
0
1.4
5
0
2.5
0.5
0.6
0
0.3
0
1.7
0
6.3
1.8
13
1.8
0
0.3
0
0.1
0
0.1
0.3
1.1
1.3
0.1
0
0
0
0.6
0.2
1
0.1
0.1
0
1.1
0.3
2.8
8.6
0
0
0
0.6
2.8
2.2
0
0
3.1
10
9
1.8
13
0.5
7.7
0
0
0.2
1.5
3.6
0
1
3.2
2.3
0
0
0.1
1.7
0
0
0
0
0
0
2.8
0.1
0
0.2
17.1
24
1.8
0.2
4
0.1
0
0
2.2
0.9
8.6
0
10.1
0.2
0
0.7
0.2
3.9
0
1.3
2.4
0
0
0
0
0
0
0
0
0
0
0
0
0
0
0
0
0
0
0
2.9
7.4
0
0
3.2
1.4
0
0
0
0
0
44.3
0
0
0
0
0
0
0.1
0
0.1
0
0
0
6
1.8
0
0.6
2.5
0
0
3.9
0
0
0
0
13.4
7.9
0
0
35.3
0.3
25
19.5
0
3.3
42.5
9.4
3.3
1.1
0
0
0
0
0.7
0.5
0
0
25.3
2.3
0.1
0.1
0.1
0
0
0
0
0
6.7
1.6
0.4
0
0
0.3
0
0
0
0
0
0
0
1.7
0
0
0.5
0.5
0
0
0
0.2
0
0
0
0
1
12.3
1.3
0
0
22.6
0
0
0
0
0
8.5
0
0
0.8
0
1.4
0
0
0
0
0
0
51.2
1.9
0
0
0
1.7
3.5
0.8
0.7
10.4
35.9
0
0
38.5
1.1
0
0
0
0
0
0
0
0
0
0
1.3
36.9
8.5
0
0
0.1
0
0.1
0
0
0
0
0
0.5
0
0
0
0
0
3.9
0
0
0
0
0.2
0.2
0
0
0
0
0
0
0
0
0
0
0
0
0
0
0
0
0
0
0
0
0
0
15.4
0.3
0
0
4.5
1.3
0.4
0
0
0
0
0
0
1.5
0
0
0
0
0
0
0
0
0
0
0
0
0
0
0
0
0
2.5
1.2
0.1
0
0
0
0.3
0
0
10.4
1.5
0
2.6
1.7
1.3
0.1
0.2
0
0
0
0
0.1
0
0
0
0
4
7.4
0
0
0
0
0
0
0
0.1
0.3
2.1
0
0
0
0
0.2
0.5
0.1
17.6
2.4
0.4
3.7
3
0
0
0
0
0
0
0.3
0.9
0
0
0
0.2
3.6
0
0.5
13.7
0.7
0
0
0
0
10.5
0
0
0
4.8
0.7
6
0
0.3
8
0
4.6
0
0
1.6
0
0
0
0
7.9
1.6
0.2
0
0
0
0
3.8
3
8.8
0
0
12.4
0
0
0
0
1.4
0
0.1
0
6.2
3.7
8.6
0
13.5
5.1
0
18.8
0
12.3
17.7
0
0
0
21
33.2
11.1
0
0
0
0
0
0
5.9
0
0
0.8
0
0
42.5
0.3
0
0.3
3.6
0
15.6
12.6
3.7
0.2
0
0
0
0.3
2.2
13.4
0
0.7
0
2.4
0.8
7.8
0
0
12.6
7.2
6
0
0
3.9
1.3
7.6
0.8
0
0
0
0
0
0
0
0
0
0
0
0
11.8
0.3
4.1
0.3
0
3.5
0
0
0
0.8
0
8.1
3.3
0
0
0
0
0
7.3
0.3
0
0
0
1
15.3
0.4
0
0.2
0.6
0
2.5
0
0
0
2.8
0
4.5
0
2.4
10.2
0
0
0
1.6
0.2
1.2
0
13
23.2
0
0
0.8
0
4.6
0.4
1.4
0.5
0
0
0
0
0
0
0
0
0
0
0
0
0
0
7.6
0
0
0
0
0
0
0
0
0.5
0
0
0
0
0
0
1.8
0
0
0
0
0.5
0
0
0
0
4.1
0
2.1
0
0
0
0
0
0
0
0
0
0
0
2.3
0
0
0
0
0
0
0
0
0
0
0
0
0
0
0
0
0
0
0
0
0
0
0
0
0
0
0
1.9
0
0
0
0
0
0
0
0
0
0
0
0
0
2.1
0
0
0
2.5
7.5
0.3
0
0
0
0
0
0
25.4
47.8
16
0
0
0
2.9
0
0
0
0
0
0
0.9
0
0
0
0
0
0
0
0
0
0
0
27.8
0.1
0
0
0
0
0
0
0
0
0
0
0
0
0
0.1
0.1
18.6
0
0
0
0.1
0
0
5
0
0
0.5
23.9
10.3
8
45.5
6.9
0.1
0
0
0
6.1
0.1
0
0
0
11
0.2
0.2
0
24.8
32.3
0.2
0
0
0
0
0
0
0
0
2.8
0
0.1
0
0
8.3
0.5
15
13.5
0
23.5
0
0
0.9
0
0
0
0
0
10.7
0.1
0
0
0
0
8.3
6.3
28
1.5
0
1
0
7.7
0.5
3
0
3.5
3.4
0
0
3.5
0
0.4
0
0
8.2
0.9
0
0
0
27.7
5.4
1.8
0
0
0.1
0
0
0
0.1
3.3
0
4.6
4.2
0
0
0
0
5.2
1.7
9.8
0
0
0.5
0
0
0
0
0
2.3
10.3
0
0
38
13.5
0.2
0
0
13
0.4
0.3
12.4
1.7
0
0
15
3.8
0
0
0
0.6
0.1
100.1
0
23.5
37.7
15.3
0
0
0
0
0
0
0
4.5
0
0
0
0
0
0
5.3
0.1
0.3
13
4.5
0
0
6.3
0.6
0
0.4
2.8
0
0
0.1
3.2
94
0
0
0
0
0
28.5
0
0
0
0
0
0
0
0
0.5
0
0
23.5
1.5
0
13.8
7
34.7
0.4
0
0
0
0
0
0
0
0
0
2
0
0
3.1
0
0
3.1
0
0
0
15.3
25.1
12.2
0
0
0
0
0
0
0
0
0
0
4.4
0
4.3
0
0
0
0
0
0
0.7
52.2
27.6
0.4
0
0
0
0
0
0
0
0
0
0
0
0
2.2
4.2
1
0
0
0
0
0
0
0
0
5.8
0
0
0
0
0
0
0
0
0
0
0
0
0
0
0
0
0
2.5
16.2
5
0
0
0
0
0
0
0
0
0
0
0
0
0
0
0
0
0
0
0
0.1
1.5
0
0
0
0
0
0
0
0
0
0
0
0
0
0
0
0
0
6.3
0
9.5
3.4
0
0
0
0
0
0
0
0
0
0
0
0
0
0
0
0
0
0
0
0
0
0
0
0
0.8
0
0
2.3
0
0
0
0
1
0
0
0
0
0
0
0
0.4
0
0
0
0
0.3
6.3
1.5
0
0
0
0
0
4.2
1
3.5
0
0
0
0
0
9.3
49.2
0.3
1.3
0.7
0
0.1
0.2
0
0
0
0
0.2
0
0.2
0
0
0.3
0
0
0
0
1.8
13.6
7.4
0
0
0
0
0
4.1
6.3
0
0
0.6
4
27.2
9.7
0.3
0.1
0
2
0
0
0.9
0.3
17
0
2
42.2
5.1
0
0
0
0
11.1
0
0.4
6.5
1.9
0
0
0
0
0
4.6
9.9
11.6
0
0
1.6
4.5
0.9
28.6
0
3.3
0
0
0
0.4
23.5
1.9
0
0.8
0.5
0
0
0
0
9.3
2.3
0.1
0.2
68.1
17.1
2.8
10.2
14.4
0
5.4
0
0.1
8.4
8
1.9
0
0.1
16.7
2.5
0
0
0
0
0
0
6.2
1.6
0
0
0
20.5
28.4
91.2
0.5
22
11
0.2
0
0
3
0
13.5
1.5
0
0
0
7.3
0
14.3
0
0.2
0
0
0
0
1.6
0
0
2.9
4.8
0.6
6.7
0
0
6.8
0
0
0
0
0
0
2.8
0
0
0
0
0
0.7
0
1.6
17
11.8
0
0
0
0
0
0
0
0
0
0
0
8.8
2
0
0
0
0
65.1
0.3
0
0
0
0
0
0
1.5
0
0.4
0.2
0
0
0
0
24.1
4.9
0
0
0
1.4
28
0
0
0
0
0
0
0
0
0
0
0
0
0
0
0
0
1.3
0
0
0
0
0
0
0
0
0
0
0
0
0
0
0
0
0
0
0
0
0
0
0
0.3
6.7
0
0
0
0
0
0
0
0
0
0
0
0.7
0
0
0
4
0
0
0
0
0
1.3
0
0
0
0
22
1.7
1.7
0
0
0
0
0
0
0
0
0.2
0
0
0
0
0
0
0
0
0
0
0
0
0
5.5
3
0
0
0
1.1
4.3
5.2
0
0
1.4
0
0.2
0.3
0
0
0
1.4
2.5
0
0.4
11.5
0
0
0
0
0
0.2
25.3
19.6
0
0.8
1
0
0
13.9
2.9
0
0
11.2
4.3
10.6
24
10.1
0
8.5
0
0
3.3
1
2.4
0
0
0
0.1
0
2.6
0
1.7
1.1
0
0.1
0
1
0
0.2
2.3
1.6
0
0
3.5
2.7
4.1
0
0
0
0.1
21.2
6.5
0.2
0
0
1.8
0
0
0
1.1
2.2
1.1
0
0
12.7
0
0
0
2.8
0
0
3.7
0.1
0
7.6
15.5
12
1.6
0
0
0
0
0
0
0
0
0
0.2
0.2
1.2
7.8
0.2
2.5
4.2
0
28.9
0
0.4
1.6
52.6
0.5
0
0
0
1.5
28.8
7.5
0
2.6
0
0
0.7
0.8
0
0
0.1
0.1
0.3
9.4
0.7
0
0.6
4.2
0.8
0
9.3
7
0
0
0
0
0
0
0
0
0
0.2
15
43.7
8.7
0
0.3
19.7
0
0
0.2
0
0
1.3
0
0
0
44.3
55.5
2.4
0
0
0
0
0
0
0
0
0.1
0
0
15.3
0.6
0
0
0
0
0
2.9
0
20.3
0
0
0.3
6.9
0
0
0
2.5
4
1.1
0
1.8
0
81.2
68.2
160.3
0
9.4
0
0
0
34
0
3.8
0
0
0
69.4
13.3
0
0
0
0
0
0
0
27.6
11.7
0
0
0
1.3
4.7
0
0
0
0
0
0
0
1.8
0
0
0
0
3
0
0
0
20.3
6.5
5.7
0
0
0
0
0
0
0
0
0
0
0
0
0
0
0.2
2.7
0.1
0
0
0
0
0
0.8
0.1
0
0
0
2.7
0
0
0
0
0
0
0
0
0
0
0
0
0
0
0
0
2.7
0
0
0
0
0
0
0
0
0
0
0
0
0
0
0
0
0
0
5.6
0
0.4
0
0
0
0
0
0
0
28.5
9.4
0
0
0
0
0
0
2.9
0
0
0
0
0
11.5
2.4
0.1
0
0.7
0
0
0
0
0
0.6
0
0
0
4.1
0
0
5.7
0
6.2
6.7
0
8.7
0
0.7
0
0
0.7
15
1
12.7
10.3
0.1
0
0
0.1
0
0
0
0
0
0
0
0
0
0
0
0
0
0
2
0
0
0
0
0
16.7
9.9
0.2
1.8
0
9.1
67.1
19.1
2.3
1.6
0.2
0
0
0
0
0.1
0
0
1.2
18
7
1.7
0
0
2
0
0
0
0
1.4
2.8
0.8
0
0.5
5.5
4.2
0
0.3
46
5.8
0
0.9
0.1
0
0
0
0
0
6.7
0
0
0
0
0
1.1
1
0
1
5.4
2.1
0
0
0
9.8
3.6
0
0
0
0
0.1
0
0
6.7
0
0.1
0
0.3
0
0.4
0
0
22.3
0.1
0
1.4
0
20
7.1
0
0
0
0
1.8
0.2
0
0.4
17.9
0.7
0
0
10.5
2.3
0
13.3
5.5
0
46.7
0
0
0
0.2
0.1
0
0
0.9
1.1
1.1
0
0
0.5
0
0
11.3
0.6
0
2.5
0
1.3
0
16
6.5
0
0.9
143.5
33.7
0.8
0
0
0
0
0.3
10.7
3.4
0
0
0
0.9
1.1
1.6
0
0
0
5.5
0
0
0
2.8
0
0
157.9
6
0
0
0
0
0.2
0.1
0
0
6.6
3.7
3.3
0
0
17.6
0
0
0
1
0
0
0
0
0
0
0
0
0
0
0
0
0
0
1.3
2
0
16.7
0
0
0
0
0
0
0
0.1
0
0
0
0
0
0
0
0
0
0
0
0
0
0
0
0
0
0
12.5
0
0
0
0
5.3
1.1
0
0
0
0
0
0.3
0
0
1.6
0
0
0
0
0
0
0
0
0
0
0
0
0
0
0
0
0
0
0
0
0
0
19.6
0.4
0
0
0
0
0
0
0
0
0
0
0
0
0
0
10.2
1
1.4
0
0
0
0
0
0
0
0
0
1
0
0
0
0
0
0
0
0
0
0
0
0
0
0
0
0
0
0
0
0
0
0
0
0
0
0
0
0
13
8.2
0.4
0
0
0
0
0
0
0
0
11.5
25.2
0.5
0
0
0
0
6.8
1.6
0
0
0
0
0
0.2
0
0
0
0
0
0
0
0
0
0
0
0
0
7.3
0
7.9
0
1.9
0
39.3
0
4.9
14.2
0
0
0
0
12.3
0
0
0
0
2.5
0.7
9
0.5
0.3
0
8
2.7
0
0
0
4.8
4.8
1.3
12.8
3.7
0
0.3
2.6
0
0.8
0
7.2
0.8
0
4.2
6.5
0
7.6
0
0
0
4.7
6.8
0
11.7
0
0.3
10.8
0
0
0.4
0
3.5
0
1.5
0
0
0
0
0
0.4
9
25.2
0.1
-999
-999
-999
-999
-999
-999
-999
-999
-999
-999
-999
-999
-999
-999
-999
-999
-999
-999
-999
-999
-999
-999
-999
-999
-999
-999
-999
-999
-999
-999
-999
-999
-999
-999
-999
-999
-999
-999
-999
-999
-999
-999
-999
-999
-999
-999
-999
-999
-999
-999
-999
-999
-999
-999
-999
-999
-999
-999
-999
-999
-999
-999
-999
-999
-999
-999
-999
-999
-999
-999
-999
-999
-999
-999
-999
-999
-999
-999
-999
-999
-999
-999
-999
-999
-999
-999
-999
-999
-999
-999
-999
-999
-999
-999
-999
-999
-999
-999
-999
-999
-999
-999
-999
-999
-999
-999
-999
-999
-999
-999
-999
-999
-999
-999
-999
-999
-999
-999
-999
-999
-999
-999
-999
-999
-999
-999
-999
-999
-999
-999
-999
-999
-999
-999
-999
-999
-999
-999
-999
-999
-999
-999
-999
-999
-999
-999
-999
-999
-999
-999
-999
-999
-999
-999
-999
-999
-999
-999
-999
-999
-999
-999
-999
-999
-999
-999
-999
-999
-999
-999
-999
-999
-999
-999
-999
-999
-999
-999
-999
-999
-999
-999
-999
-999
-999
-999
-999
-999
-999
-999
-999
-999
-999
-999
-999
-999
-999
-999
-999
-999
-999
-999
-999
-999
-999
-999
-999
-999
-999
-999
-999
-999
-999
-999
-999
-999
-999
-999
-999
-999
-999
-999
-999
-999
-999
-999
-999
-999
-999
-999
-999
-999
-999
-999
-999
-999
-999
-999
-999
-999
-999
-999
-999
-999
-999
-999
-999
-999
-999
-999
-999
-999
-999
-999
-999
-999
-999
-999
-999
-999
-999
-999
-999
-999
-999
-999
-999
-999
-999
-999
-999
-999
-999
-999
-999
-999
-999
-999
-999
-999
-999
-999
-999
-999
-999
-999
-999
-999
-999
-999
-999
-999
-999
-999
-999
-999
-999
-999
-999
-999
-999
-999
-999
-999
-999
-999
-999
-999
-999
-999
-999
-999
-999
-999
-999
-999
-999
-999
-999
-999
-999
-999
-999
-999
-999
-999
-999
-999
-999
-999
-999
-999
-999
-999
-999
-999
-999
-999
-999
-999
-999
-999
-999
-999
-999
-999
-999
-999
-999
-999
-999
-999
-999
-999
-999
-999
-999
-999
-999
-999
-999
-999
-999
-999
-999
-999
-999
-999
-999
-999
-999
-999
-999
-999
-999
-999
-999
-999
-999
-999
-999
-999
-999
-999
-999
-999
-999
-999
-999
-999
-999
-999
-999
-999
-999
-999
-999
-999
-999
-999
-999
-999
-999
-999
-999
-999
-999
-999
-999
-999
-999
-999
-999
-999
-999
-999
-999
-999
-999
-999
-999
-999
-999
-999
-999
-999
-999
-999
-999
-999
-999
-999
-999
-999
-999
-999
-999
-999
-999
-999
-999
-999
-999
-999
-999
-999
-999
-999
-999
-999
-999
-999
-999
-999
-999
-999
-999
-999
-999
-999
-999
-999
-999
-999
-999
-999
-999
-999
-999
-999
-999
-999
-999
-999
-999
-999
-999
-999
-999
-999
-999
-999
-999
-999
-999
-999
-999
-999
-999
-999
-999
-999
-999
-999
-999
-999
-999
-999
-999
-999
-999
-999
-999
-999
-999
-999
-999
-999
-999
-999
-999
-999
-999
-999
-999
-999
-999
-999
-999
-999
-999
-999
-999
-999
-999
-999
-999
-999
-999
-999
-999
-999
-999
-999
-999
-999
-999
-999
-999
-999
-999
-999
-999
-999
-999
-999
-999
-999
-999
-999
-999
-999
-999
-999
-999
-999
-999
-999
-999
-999
-999
-999
-999
-999
-999
-999
-999
-999
-999
-999
-999
-999
-999
-999
-999
-999
-999
-999
-999
-999
-999
-999
-999
-999
-999
-999
-999
-999
-999
-999
-999
-999
-999
-999
-999
-999
-999
-999
-999
-999
-999
-999
-999
-999
-999
-999
-999
-999
-999
-999
-999
-999
-999
-999
-999
-999
-999
-999
-999
-999
-999
-999
-999
-999
-999
-999
-999
-999
-999
-999
-999
-999
-999
-999
-999
-999
-999
-999
-999
-999
-999
-999
-999
-999
-999
-999
-999
-999
-999
-999
-999
-999
-999
-999
-999
-999
-999
-999
-999
-999
-999
-999
-999
-999
-999
-999
-999
-999
-999
-999
-999
-999
-999
-999
-999
-999
-999
-999
-999
-999
-999
-999
-999
-999
-999
-999
-999
-999
-999
-999
-999
-999
-999
-999
-999
-999
-999
-999
-999
-999
-999
-999
-999
-999
-999
-999
-999
-999
-999
-999
-999
-999
-999
-999
-999
-999
-999
-999
-999
-999
-999
-999
-999
-999
-999
-999
-999
-999
-999
-999
-999
-999
-999
-999
-999
-999
-999
-999
-999
-999
-999
-999
-999
-999
-999
-999
-999
-999
-999
-999
-999
-999
-999
-999
-999
-999
-999
-999
-999
-999
-999
-999
-999
-999
-999
-999
-999
-999
-999
-999
-999
-999
-999
-999
-999
-999
-999
-999
-999
-999
-999
-999
-999
-999
-999
-999
-999
-999
-999
-999
-999
-999
-999
-999
-999
-999
-999
-999
-999
-999
-999
-999
-999
-999
-999
-999
-999
-999
-999
-999
-999
-999
-999
-999
-999
-999
-999
-999
-999
-999
-999
-999
-999
-999
-999
-999
-999
-999
-999
-999
-999
-999
-999
-999
-999
-999
-999
-999
-999
-999
-999
-999
-999
-999
-999
-999
-999
-999
-999
-999
-999
-999
-999
-999
-999
-999
-999
-999
-999
-999
-999
-999
-999
-999
-999
-999
-999
-999
-999
-999
-999
-999
-999
-999
-999
-999
-999
-999
-999
-999
-999
-999
-999
-999
-999
-999
-999
-999
-999
-999
-999
-999
-999
-999
-999
-999
-999
-999
-999
-999
-999
-999
-999
-999
-999
-999
-999
-999
-999
-999
-999
-999
-999
-999
-999
-999
-999
-999
-999
-999
-999
-999
-999
-999
-999
-999
-999
-999
-999
-999
-999
-999
-999
-999
-999
-999
-999
-999
-999
-999
-999
-999
-999
-999
-999
-999
-999
-999
-999
-999
-999
-999
-999
-999
-999
-999
-999
-999
-999
-999
-999
-999
-999
-999
-999
-999
-999
-999
-999
-999
-999
-999
-999
-999
-999
-999
-999
-999
-999
-999
-999
-999
-999
-999
-999
-999
-999
-999
-999
-999
-999
-999
-999
-999
-999
-999
-999
-999
-999
-999
-999
-999
-999
-999
-999
-999
-999
-999
-999
-999
-999
-999
-999
-999
-999
-999
-999
-999
-999
-999
-999
-999
-999
-999
-999
-999
-999
-999
-999
-999
-999
-999
-999
-999
-999
-999
-999
-999
-999
-999
-999
-999
-999
-999
-999
-999
-999
-999
-999
-999
-999
-999
-999
-999
-999
-999
-999
-999
-999
-999
-999
-999
-999
-999
-999
-999
-999
-999
-999
-999
-999
-999
-999
-999
-999
-999
-999
-999
-999
-999
-999
-999
-999
-999
-999
-999
-999
-999
-999
-999
-999
-999
-999
-999
-999
-999
-999
-999
-999
-999
-999
-999
-999
-999
-999
-999
-999
-999
-999
-999
-999
-999
-999
-999
-999
-999
-999
-999
-999
-999
-999
-999
-999
-999
-999
-999
-999
-999
-999
-999
-999
-999
-999
-999
-999
-999
-999
-999
-999
-999
-999
-999
-999
-999
-999
-999
-999
-999
-999
-999
-999
-999
-999
-999
-999
-999
-999
-999
-999
-999
-999
-999
-999
-999
-999
-999
-999
-999
-999
-999
-999
-999
-999
-999
-999
-999
-999
-999
-999
-999
-999
-999
-999
-999
-999
-999
-999
-999
-999
-999
-999
-999
-999
-999
-999
-999
-999
-999
-999
-999
-999
-999
-999
-999
-999
-999
-999
-999
-999
-999
-999
-999
-999
-999
-999
-999
-999
-999
-999
-999
-999
-999
-999
-999
-999
-999
-999
-999
-999
-999
-999
-999
-999
-999
-999
-999
-999
-999
-999
-999
-999
-999
-999
-999
-999
-999
-999
-999
-999
-999
-999
-999
-999
-999
-999
-999
-999
-999
-999
-999
-999
-999
-999
-999
-999
-999
-999
-999
-999
-999
-999
-999
-999
-999
-999
-999
-999
-999
-999
-999
-999
-999
-999
-999
-999
-999
-999
-999
-999
-999
-999
-999
-999
-999
-999
-999
-999
-999
-999
-999
-999
-999
-999
-999
-999
-999
-999
-999
-999
-999
-999
-999
-999
-999
-999
-999
-999
-999
-999
-999
-999
-999
-999
-999
-999
-999
-999
-999
-999
-999
-999
-999
-999
-999
-999
-999
-999
-999
-999
-999
-999
-999
-999
-999
-999
-999
-999
-999
-999
-999
-999
-999
-999
-999
-999
-999
-999
-999
-999
-999
-999
-999
-999
-999
-999
-999
-999
-999
-999
-999
-999
-999
-999
-999
-999
-999
-999
-999
-999
-999
-999
-999
-999
-999
-999
-999
-999
-999
-999
-999
-999
-999
-999
-999
-999
-999
-999
-999
-999
-999
-999
-999
-999
-999
-999
-999
-999
-999
-999
-999
-999
-999
-999
-999
-999
-999
-999
-999
-999
-999
-999
-999
-999
-999
-999
-999
-999
-999
-999
-999
-999
-999
-999
-999
-999
-999
-999
-999
-999
-999
-999
-999
-999
-999
-999
-999
-999
-999
-999
-999
-999
-999
-999
-999
-999
-999
-999
-999
-999
-999
-999
-999
-999
-999
-999
-999
-999
-999
-999
-999
-999
-999
-999
-999
-999
-999
-999
-999
-999
-999
-999
-999
-999
-999
-999
-999
-999
-999
-999
-999
-999
-999
-999
-999
-999
-999
-999
-999
-999
-999
-999
-999
-999
-999
-999
-999
-999
-999
-999
-999
-999
-999
-999
-999
-999
-999
-999
-999
-999
-999
-999
-999
-999
-999
-999
-999
-999
-999
-999
-999
-999
-999
-999
-999
-999
-999
-999
-999
-999
-999
-999
-999
-999
-999
-999
-999
-999
-999
-999
-999
-999
-999
-999
-999
-999
-999
-999
-999
-999
-999
-999
-999
-999
-999
-999
-999
-999
-999
-999
-999
-999
-999
-999
-999
-999
-999
-999
-999
-999
-999
-999
-999
-999
-999
-999
-999
-999
-999
-999
-999
-999
-999
-999
-999
-999
-999
-999
-999
-999
-999
-999
-999
-999
-999
-999
-999
-999
-999
-999
-999
-999
-999
-999
-999
-999
-999
-999
-999
-999
-999
-999
-999
-999
-999
-999
-999
-999
-999
-999
-999
-999
-999
-999
-999
-999
-999
-999
-999
-999
-999
-999
-999
-999
-999
-999
-999
-999
-999
-999
-999
-999
-999
-999
-999
-999
-999
-999
-999
-999
-999
-999
-999
-999
-999
-999
-999
-999
-999
-999
-999
-999
-999
-999
-999
-999
-999
-999
-999
-999
-999
-999
-999
-999
-999
-999
-999
-999
-999
-999
-999
-999
-999
-999
-999
-999
-999
-999
-999
-999
-999
-999
-999
-999
-999
-999
-999
-999
-999
-999
-999
-999
-999
-999
-999
-999
-999
-999
-999
-999
-999
-999
-999
-999
-999
-999
-999
-999
-999
-999
-999
-999
-999
-999
-999
-999
-999
-999
-999
-999
-999
-999
-999
-999
-999
-999
-999
-999
-999
-999
-999
-999
-999
-999
-999
-999
-999
-999
-999
-999
-999
-999
-999
-999
-999
-999
-999
-999
-999
-999
-999
-999
-999
-999
-999
-999
-999
-999
-999
-999
-999
-999
-999
-999
-999
-999
-999
-999
-999
-999
-999
-999
-999
-999
-999
-999
-999
-999
-999
-999
-999
-999
-999
-999
-999
-999
-999
-999
-999
-999
-999
-999
-999
-999
-999
-999
-999
-999
-999
-999
-999
-999
-999
-999
-999
-999
-999
-999
-999
-999
-999
-999
-999
-999
-999
-999
-999
-999
-999
-999
-999
-999
-999
-999
-999
-999
-999
-999
-999
-999
-999
-999
-999
-999
-999
-999
-999
-999
-999
-999
-999
-999
-999
-999
-999
-999
-999
-999
-999
-999
-999
-999
-999
-999
-999
-999
-999
-999
-999
-999
-999
-999
-999
-999
-999
-999
-999
-999
-999
-999
-999
-999
-999
-999
-999
-999
-999
-999
-999
-999
-999
-999
-999
-999
-999
-999
-999
-999
-999
-999
-999
-999
-999
-999
-999
-999
-999
-999
-999
-999
-999
-999
-999
-999
-999
-999
-999
-999
-999
-999
-999
-999
-999
-999
-999
-999
-999
-999
-999
-999
-999
-999
-999
-999
-999
-999
-999
-999
-999
-999
-999
-999
-999
-999
-999
-999
-999
-999
-999
-999
-999
-999
-999
-999
-999
-999
-999
-999
-999
-999
-999
-999
-999
-999
-999
-999
-999
-999
-999
-999
-999
-999
-999
-999
-999
-999
-999
-999
-999
-999
-999
-999
-999
-999
-999
-999
-999
-999
-999
-999
-999
-999
-999
-999
-999
-999
-999
-999
-999
-999
-999
-999
-999
-999
-999
-999
-999
-999
-999
-999
-999
-999
-999
-999
-999
-999
-999
-999
-999
-999
-999
-999
-999
-999
-999
-999
-999
-999
-999
-999
-999
-999
-999
-999
-999
-999
-999
-999
-999
-999
-999
-999
-999
-999
-999
-999
-999
-999
-999
-999
-999
-999
-999
-999
-999
-999
-999
-999
-999
-999
-999
-999
-999
-999
-999
-999
-999
-999
-999
-999
-999
-999
-999
-999
-999
-999
-999
-999
-999
-999
-999
-999
-999
-999
-999
-999
-999
-999
-999
-999
-999
-999
-999
-999
-999
-999
-999
-999
-999
-999
-999
-999
-999
-999
-999
-999
-999
-999
-999
-999
-999
-999
-999
-999
-999
-999
-999
-999
-999
-999
-999
-999
-999
-999
-999
-999
-999
-999
-999
-999
-999
-999
-999
-999
-999
-999
-999
-999
-999
-999
-999
-999
-999
-999
-999
-999
-999
-999
-999
-999
-999
-999
-999
-999
-999
-999
-999
-999
-999
-999
-999
-999
-999
-999
-999
-999
-999
-999
-999
-999
-999
-999
-999
-999
-999
-999
-999
-999
-999
-999
-999
-999
-999
-999
-999
-999
-999
-999
-999
-999
-999
-999
-999
-999
-999
-999
-999
-999
-999
-999
-999
-999
-999
-999
-999
-999
-999
-999
-999
-999
-999
-999
-999
-999
-999
-999
-999
-999
-999
-999
-999
-999
-999
-999
-999
-999
-999
-999
-999
-999
-999
-999
-999
-999
-999
-999
-999
-999
-999
-999
-999
-999
-999
-999
-999
-999
-999
-999
-999
-999
-999
-999
-999
-999
-999
-999
-999
-999
-999
-999
-999
-999
-999
-999
-999
-999
-999
-999
-999
-999
-999
-999
-999
-999
-999
-999
-999
-999
-999
-999
-999
-999
-999
-999
-999
-999
-999
-999
-999
-999
-999
-999
-999
-999
-999
-999
-999
-999
-999
-999
-999
-999
-999
-999
-999
-999
-999
-999
-999
-999
-999
-999
-999
-999
-999
-999
-999
-999
-999
-999
-999
-999
-999
-999
-999
-999
-999
-999
-999
-999
-999
-999
-999
-999
-999
-999
-999
-999
-999
-999
-999
-999
-999
-999
-999
-999
-999
-999
-999
-999
-999
-999
-999
-999
-999
-999
-999
-999
-999
-999
-999
-999
-999
-999
-999
-999
-999
-999
-999
-999
-999
-999
-999
-999
-999
-999
-999
-999
-999
-999
-999
-999
-999
-999
-999
-999
-999
-999
-999
-999
-999
-999
-999
-999
-999
-999
-999
-999
-999
-999
-999
-999
-999
-999
-999
-999
-999
-999
-999
-999
-999
-999
-999
-999
-999
-999
-999
-999
-999
-999
-999
-999
-999
-999
-999
-999
-999
-999
-999
-999
-999
-999
-999
-999
-999
-999
-999
-999
-999
-999
-999
-999
-999
-999
-999
-999
-999
-999
-999
-999
-999
-999
-999
-999
-999
-999
-999
-999
-999
-999
-999
-999
-999
-999
-999
-999
-999
-999
-999
-999
-999
-999
-999
-999
-999
-999
-999
-999
-999
-999
-999
-999
-999
-999
-999
-999
-999
-999
-999
-999
-999
-999
-999
-999
-999
-999
-999
-999
-999
-999
-999
-999
-999
-999
-999
-999
-999
-999
-999
-999
-999
-999
-999
-999
-999
-999
-999
-999
-999
-999
-999
-999
-999
-999
-999
-999
-999
-999
-999
-999
-999
-999
-999
-999
-999
-999
-999
-999
-999
-999
-999
-999
-999
-999
-999
-999
-999
-999
-999
-999
-999
-999
-999
-999
-999
-999
-999
-999
-999
-999
-999
-999
-999
-999
-999
-999
-999
-999
-999
-999
-999
-999
-999
-999
-999
-999
-999
-999
-999
-999
-999
-999
-999
-999
-999
-999
-999
-999
-999
-999
-999
-999
-999
-999
-999
-999
-999
-999
-999
-999
-999
-999
-999
-999
-999
-999
-999
-999
-999
-999
-999
-999
-999
-999
-999
-999
-999
-999
-999
-999
-999
-999
-999
-999
-999
-999
-999
-999
-999
-999
-999
-999
-999
-999
-999
-999
-999
-999
-999
-999
-999
-999
-999
-999
-999
-999
-999
-999
-999
-999
-999
-999
-999
-999
-999
-999
-999
-999
-999
-999
-999
-999
-999
-999
-999
-999
-999
-999
-999
-999
-999
-999
-999
-999
-999
-999
-999
-999
-999
-999
-999
-999
-999
-999
-999
-999
-999
-999
-999
-999
-999
-999
-999
-999
-999
-999
-999
-999
-999
-999
-999
-999
-999
-999
-999
-999
-999
-999
-999
-999
-999
-999
-999
-999
-999
-999
-999
-999
-999
-999
-999
-999
-999
-999
-999
-999
-999
-999
-999
-999
-999
-999
-999
-999
-999
-999
-999
-999
-999
-999
-999
-999
-999
-999
-999
-999
-999
-999
-999
-999
-999
-999
-999
-999
-999
-999
-999
-999
-999
-999
-999
-999
-999
-999
-999
-999
-999
-999
-999
-999
-999
-999
-999
-999
-999
-999
-999
-999
-999
-999
-999
-999
-999
-999
-999
-999
-999
-999
-999
-999
-999
-999
-999
-999
-999
-999
-999
-999
-999
-999
-999
-999
-999
-999
-999
-999
-999
-999
-999
-999
-999
-999
-999
-999
-999
-999
-999
-999
-999
-999
-999
-999
-999
-999
-999
-999
-999
-999
-999
-999
-999
-999
-999
-999
-999
-999
-999
-999
-999
-999
-999
-999
-999
-999
-999
-999
-999
-999
-999
-999
-999
-999
-999
-999
-999
-999
-999
-999
-999
-999
-999
-999
-999
-999
-999
-999
-999
-999
-999
-999
-999
-999
-999
-999
-999
-999
-999
-999
-999
-999
-999
-999
-999
-999
-999
-999
-999
-999
-999
-999
-999
-999
-999
-999
-999
-999
-999
-999
-999
-999
-999
-999
-999
-999
-999
-999
-999
-999
-999
-999
-999
-999
-999
-999
-999
-999
-999
-999
-999
-999
-999
-999
-999
-999
-999
-999
-999
-999
-999
-999
-999
-999
-999
-999
-999
-999
-999
-999
-999
-999
-999
-999
-999
-999
-999
-999
-999
-999
-999
-999
-999
-999
-999
-999
-999
-999
-999
-999
-999
-999
-999
-999
-999
-999
-999
-999
-999
-999
-999
-999
-999
-999
-999
-999
-999
-999
-999
-999
-999
-999
-999
-999
-999
-999
-999
-999
-999
-999
-999
-999
-999
-999
-999
-999
-999
-999
-999
-999
-999
-999
-999
-999
-999
-999
-999
-999
-999
-999
-999
-999
-999
-999
-999
-999
-999
-999
-999
-999
-999
-999
-999
-999
-999
-999
-999
-999
-999
-999
-999
-999
-999
-999
-999
-999
-999
-999
-999
-999
-999
-999
-999
-999
-999
-999
-999
-999
-999
-999
-999
-999
-999
-999
-999
-999
-999
-999
-999
-999
-999
-999
-999
-999
-999
-999
-999
-999
-999
-999
-999
-999
-999
-999
-999
-999
-999
-999
-999
-999
-999
-999
-999
-999
-999
-999
-999
-999
-999
-999
-999
-999
-999
-999
-999
-999
-999
-999
-999
-999
-999
-999
-999
-999
-999
-999
-999
-999
-999
-999
-999
-999
-999
-999
-999
-999
-999
-999
-999
-999
-999
-999
-999
-999
-999
-999
-999
-999
-999
-999
-999
-999
-999
-999
-999
-999
-999
-999
-999
-999
-999
-999
-999
-999
-999
-999
-999
-999
-999
-999
-999
-999
-999
-999
-999
-999
-999
-999
-999
-999
-999
-999
-999
-999
-999
-999
-999
-999
-999
-999
-999
-999
-999
-999
-999
-999
-999
-999
-999
-999
-999
-999
-999
-999
-999
-999
-999
-999
-999
-999
-999
-999
-999
-999
-999
-999
-999
-999
-999
-999
-999
-999
-999
-999
-999
-999
-999
-999
-999
-999
-999
-999
-999
-999
-999
-999
-999
-999
-999
-999
-999
-999
-999
-999
-999
-999
-999
-999
-999
-999
-999
-999
-999
-999
-999
-999
-999
-999
-999
-999
-999
-999
-999
-999
-999
-999
-999
-999
-999
-999
-999
-999
-999
-999
-999
-999
-999
-999
-999
-999
-999
-999
-999
-999
-999
-999
-999
-999
-999
-999
-999
-999
-999
-999
-999
-999
-999
-999
-999
-999
-999
-999
-999
-999
-999
-999
-999
-999
-999
-999
-999
-999
-999
-999
-999
-999
-999
-999
-999
-999
-999
-999
-999
-999
-999
-999
-999
-999
-999
-999
-999
-999
-999
-999
-999
-999
-999
-999
-999
-999
-999
-999
-999
-999
-999
-999
-999
-999
-999
-999
-999
-999
-999
-999
-999
-999
-999
-999
-999
-999
-999
-999
-999
-999
-999
-999
-999
-999
-999
-999
-999
-999
-999
-999
-999
-999
-999
-999
-999
-999
-999
-999
-999
-999
-999
-999
-999
-999
-999
-999
-999
-999
-999
-999
-999
-999
-999
-999
-999
-999
-999
-999
-999
-999
-999
-999
-999
-999
-999
-999
-999
-999
-999
-999
-999
-999
-999
-999
-999
-999
-999
-999
-999
-999
-999
-999
-999
-999
-999
-999
-999
-999
-999
-999
-999
-999
-999
-999
-999
-999
-999
-999
-999
-999
-999
-999
-999
-999
-999
-999
-999
-999
-999
-999
-999
-999
-999
-999
-999
-999
-999
-999
-999
-999
-999
-999
-999
-999
-999
-999
-999
-999
-999
-999
-999
-999
-999
-999
-999
-999
-999
-999
-999
-999
-999
-999
-999
-999
-999
-999
-999
-999
-999
-999
-999
-999
-999
-999
-999
-999
-999
-999
-999
-999
-999
-999
-999
-999
-999
-999
-999
-999
-999
-999
-999
-999
-999
-999
-999
-999
-999
-999
-999
-999
-999
-999
-999
-999
-999
-999
-999
-999
-999
-999
-999
-999
-999
-999
-999
-999
-999
-999
-999
-999
-999
-999
-999
-999
-999
-999
-999
-999
-999
-999
-999
-999
-999
-999
-999
-999
-999
-999
-999
-999
-999
-999
-999
-999
-999
-999
-999
-999
-999
-999
-999
-999
-999
-999
-999
-999
-999
-999
-999
-999
-999
-999
-999
-999
-999
-999
-999
-999
-999
-999
-999
-999
-999
-999
-999
-999
-999
-999
-999
-999
-999
-999
-999
-999
-999
-999
-999
-999
-999
-999
-999
-999
-999
-999
-999
-999
-999
-999
-999
-999
-999
-999
-999
-999
-999
-999
-999
-999
-999
-999
-999
-999
-999
-999
-999
-999
-999
-999
-999
-999
-999
-999
-999
-999
-999
-999
-999
-999
-999
-999
-999
-999
-999
-999
-999
-999
-999
-999
-999
-999
-999
-999
-999
-999
-999
-999
-999
-999
-999
-999
-999
-999
-999
-999
-999
-999
-999
-999
-999
-999
-999
-999
-999
-999
-999
-999
-999
-999
-999
-999
-999
-999
-999
-999
-999
-999
-999
-999
-999
-999
-999
-999
-999
-999
-999
-999
-999
-999
-999
-999
-999
-999
-999
-999
-999
-999
-999
-999
-999
-999
-999
-999
-999
-999
-999
-999
-999
-999
-999
-999
-999
-999
-999
-999
-999
-999
-999
-999
-999
-999
-999
-999
-999
-999
-999
-999
-999
-999
-999
-999
-999
-999
-999
-999
-999
-999
-999
-999
-999
-999
-999
-999
-999
-999
-999
-999
-999
-999
-999
-999
-999
-999
-999
-999
-999
-999
-999
-999
-999
-999
-999
-999
-999
-999
-999
-999
-999
-999
-999
-999
-999
-999
-999
-999
-999
-999
-999
-999
-999
-999
-999
-999
-999
-999
-999
-999
-999
-999
-999
-999
-999
-999
-999
-999
-999
-999
-999
-999
-999
-999
-999
-999
-999
-999
-999
-999
-999
-999
-999
-999
-999
-999
-999
-999
-999
-999
-999
-999
-999
-999
-999
-999
-999
-999
-999
-999
-999
-999
-999
-999
-999
-999
-999
-999
-999
-999
-999
-999
-999
-999
-999
-999
-999
-999
-999
-999
-999
-999
-999
-999
-999
-999
-999
-999
-999
-999
-999
-999
-999
-999
-999
-999
-999
-999
-999
-999
-999
-999
-999
-999
-999
-999
-999
-999
-999
-999
-999
-999
-999
-999
-999
-999
-999
-999
-999
-999
-999
-999
-999
-999
-999
-999
-999
-999
-999
-999
-999
-999
-999
-999
-999
-999
-999
-999
-999
-999
-999
-999
-999
-999
-999
-999
-999
-999
-999
-999
-999
-999
-999
-999
-999
-999
-999
-999
-999
-999
-999
-999
-999
-999
-999
-999
-999
-999
-999
-999
-999
-999
-999
-999
-999
-999
-999
-999
-999
-999
-999
-999
-999
-999
-999
-999
-999
-999
-999
-999
-999
-999
-999
-999
-999
-999
-999
-999
-999
-999
-999
-999
-999
-999
-999
-999
-999
-999
-999
-999
-999
-999
-999
-999
-999
-999
-999
-999
-999
-999
-999
-999
-999
-999
-999
-999
-999
-999
-999
-999
-999
-999
-999
-999
-999
-999
-999
-999
-999
-999
-999
-999
-999
-999
-999
-999
-999
-999
-999
-999
-999
-999
-999
-999
-999
-999
-999
-999
-999
-999
-999
-999
-999
-999
-999
-999
-999
-999
-999
-999
-999
-999
-999
-999
-999
-999
-999
-999
-999
-999
-999
-999
-999
-999
-999
-999
-999
-999
-999
-999
-999
-999
-999
-999
-999
-999
-999
-999
-999
-999
-999
-999
-999
-999
-999
-999
-999
-999
-999
-999
-999
-999
-999
-999
-999
-999
-999
-999
-999
-999
-999
-999
-999
-999
-999
-999
-999
-999
-999
-999
-999
-999
-999
-999
-999
-999
-999
-999
-999
-999
-999
-999
-999
-999
-999
-999
-999
-999
-999
-999
-999
-999
-999
-999
-999
-999
-999
-999
-999
-999
-999
-999
-999
-999
-999
-999
-999
-999
-999
-999
-999
-999
-999
-999
-999
-999
-999
-999
-999
-999
-999
-999
-999
-999
-999
-999
-999
-999
-999
-999
-999
-999
-999
-999
-999
-999
-999
-999
-999
-999
-999
-999
-999
-999
-999
-999
-999
-999
-999
-999
-999
-999
-999
-999
-999
-999
-999
-999
-999
-999
-999
-999
-999
-999
-999
-999
-999
-999
-999
-999
-999
-999
-999
-999
-999
-999
-999
-999
-999
-999
-999
-999
-999
-999
-999
-999
-999
-999
-999
-999
-999
-999
-999
-999
-999
-999
-999
-999
-999
-999
-999
-999
-999
-999
-999
-999
-999
-999
-999
-999
-999
-999
-999
-999
-999
-999
-999
-999
-999
-999
-999
-999
-999
-999
-999
-999
-999
-999
-999
-999
-999
-999
-999
-999
-999
-999
-999
-999
-999
-999
-999
-999
-999
-999
-999
-999
-999
-999
-999
-999
-999
-999
-999
-999
-999
-999
-999
-999
-999
-999
-999
-999
-999
-999
-999
-999
-999
-999
-999
-999
-999
-999
-999
-999
-999
-999
-999
-999
-999
-999
-999
-999
-999
-999
-999
-999
-999
-999
-999
-999
-999
-999
-999
-999
-999
-999
-999
-999
-999
-999
-999
-999
-999
-999
-999
-999
-999
-999
-999
-999
-999
-999
-999
-999
-999
-999
-999
-999
-999
-999
-999
-999
-999
-999
-999
-999
-999
-999
-999
-999
-999
-999
-999
-999
-999
-999
-999
-999
-999
-999
-999
-999
-999
-999
-999
-999
-999
-999
-999
-999
-999
-999
-999
-999
-999
-999
-999
-999
-999
-999
-999
-999
-999
-999
-999
-999
-999
-999
-999
-999
-999
-999
-999
-999
-999
-999
-999
-999
-999
-999
-999
-999
-999
-999
-999
-999
-999
-999
-999
-999
-999
-999
-999
-999
-999
-999
-999
-999
-999
-999
-999
-999
-999
-999
-999
-999
-999
-999
-999
-999
-999
-999
-999
-999
-999
-999
-999
-999
-999
-999
-999
-999
-999
-999
-999
-999
-999
-999
-999
-999
-999
-999
-999
-999
-999
-999
-999
-999
-999
-999
-999
-999
-999
-999
-999
-999
-999
-999
-999
-999
-999
-999
-999
-999
-999
-999
-999
-999
-999
-999
-999
-999
-999
-999
-999
-999
-999
-999
-999
-999
-999
-999
-999
-999
-999
-999
-999
-999
-999
-999
-999
-999
-999
-999
-999
-999
-999
-999
-999
-999
-999
-999
-999
-999
-999
-999
-999
-999
-999
-999
-999
-999
-999
-999
-999
-999
-999
-999
-999
-999
-999
-999
-999
-999
-999
-999
-999
-999
-999
-999
-999
-999
-999
-999
-999
-999
-999
-999
-999
-999
-999
-999
-999
-999
-999
-999
-999
-999
-999
-999
-999
-999
-999
-999
-999
-999
-999
-999
-999
-999
-999
-999
-999
-999
-999
-999
-999
-999
-999
-999
-999
-999
-999
-999
-999
-999
-999
-999
-999
-999
-999
-999
-999
-999
-999
-999
-999
-999
-999
-999
-999
-999
-999
-999
-999
-999
-999
-999
-999
-999
-999
-999
-999
-999
-999
-999
-999
-999
-999
-999
-999
-999
-999
-999
-999
-999
-999
-999
-999
-999
-999
-999
-999
-999
-999
-999
-999
-999
-999
-999
-999
-999
-999
-999
-999
-999
-999
-999
-999
-999
-999
-999
-999
-999
-999
-999
-999
-999
-999
-999
-999
-999
-999
-999
-999
-999
-999
-999
-999
-999
-999
-999
-999
-999
-999
-999
-999
-999
-999
-999
-999
-999
-999
-999
-999
-999
-999
-999
-999
-999
-999
-999
-999
-999
-999
-999
-999
-999
-999
-999
-999
-999
-999
-999
-999
-999
-999
-999
-999
-999
-999
-999
-999
-999
-999
-999
-999
-999
-999
-999
-999
-999
-999
-999
-999
-999
-999
-999
-999
-999
-999
-999
-999
-999
-999
-999
-999
-999
-999
-999
-999
-999
-999
-999
-999
-999
-999
-999
-999
-999
-999
-999
-999
-999
-999
-999
-999
-999
-999
-999
-999
-999
-999
-999
-999
-999
-999
-999
-999
-999
-999
-999
-999
-999
-999
-999
-999
-999
-999
-999
-999
-999
-999
-999
-999
-999
-999
-999
-999
-999
-999
-999
-999
-999
-999
-999
-999
-999
-999
-999
-999
-999
-999
-999
-999
-999
-999
-999
-999
-999
-999
-999
-999
-999
-999
-999
-999
-999
-999
-999
-999
-999
-999
-999
-999
-999
-999
-999
-999
-999
-999
-999
-999
-999
-999
-999
-999
-999
-999
-999
-999
-999
-999
-999
-999
-999
-999
-999
-999
-999
-999
-999
-999
-999
-999
-999
-999
-999
-999
-999
-999
-999
-999
-999
-999
-999
-999
-999
-999
-999
-999
-999
-999
-999
-999
-999
-999
-999
-999
-999
-999
-999
-999
-999
-999
-999
-999
-999
-999
-999
-999
-999
-999
-999
-999
-999
-999
-999
-999
-999
-999
-999
-999
-999
-999
-999
-999
-999
-999
-999
-999
-999
-999
-999
-999
-999
-999
-999
-999
-999
-999
-999
-999
-999
-999
-999
-999
-999
-999
-999
-999
-999
-999
-999
-999
-999
-999
-999
-999
-999
-999
-999
-999
-999
-999
-999
-999
-999
-999
-999
-999
-999
-999
-999
-999
-999
-999
-999
-999
-999
-999
-999
-999
-999
-999
-999
-999
-999
-999
-999
-999
-999
-999
-999
-999
-999
-999
-999
-999
-999
-999
-999
-999
-999
-999
-999
-999
-999
-999
-999
-999
-999
-999
-999
-999
-999
-999
-999
-999
-999
-999
-999
-999
-999
-999
-999
-999
-999
-999
-999
-999
-999
-999
-999
-999
-999
-999
-999
-999
-999
-999
-999
-999
-999
-999
-999
-999
-999
-999
-999
-999
-999
-999
-999
-999
-999
-999
-999
-999
-999
-999
-999
-999
-999
-999
-999
-999
-999
-999
-999
-999
-999
-999
-999
-999
-999
-999
-999
-999
-999
-999
-999
-999
-999
-999
-999
-999
-999
-999
-999
-999
-999
-999
-999
-999
-999
-999
-999
-999
-999
-999
-999
-999
-999
-999
-999
-999
-999
-999
-999
-999
-999
-999
-999
-999
-999
-999
-999
-999
-999
-999
-999
-999
-999
-999
-999
-999
-999
-999
-999
-999
-999
-999
-999
-999
-999
-999
-999
-999
-999
-999
-999
-999
-999
-999
-999
-999
-999
-999
-999
-999
-999
-999
-999
-999
-999
-999
-999
-999
-999
-999
-999
-999
-999
-999
-999
-999
-999
-999
-999
-999
-999
-999
-999
-999
-999
-999
-999
-999
-999
-999
-999
-999
-999
-999
-999
-999
-999
-999
-999
-999
-999
-999
-999
-999
-999
-999
-999
-999
-999
-999
-999
-999
-999
-999
-999
-999
-999
-999
-999
-999
-999
-999
-999
-999
-999
-999
-999
-999
-999
-999
-999
-999
-999
-999
-999
-999
-999
-999
-999
-999
-999
-999
-999
-999
-999
-999
-999
-999
-999
-999
-999
-999
-999
-999
-999
-999
-999
-999
-999
-999
-999
-999
-999
-999
-999
-999
-999
-999
-999
-999
-999
-999
-999
-999
-999
-999
-999
-999
-999
-999
-999
-999
-999
-999
-999
-999
-999
-999
-999
-999
-999
-999
-999
-999
-999
-999
-999
-999
-999
-999
-999
-999
-999
-999
-999
-999
-999
-999
-999
-999
-999
-999
-999
-999
-999
-999
-999
-999
-999
-999
-999
-999
-999
-999
-999
-999
-999
-999
-999
-999
-999
-999
-999
-999
-999
-999
-999
-999
-999
-999
-999
-999
-999
-999
-999
-999
-999
-999
-999
-999
-999
-999
-999
-999
-999
-999
-999
-999
-999
-999
-999
-999
-999
-999
-999
-999
-999
-999
-999
-999
-999
-999
-999
-999
-999
-999
-999
-999
-999
-999
-999
-999
-999
-999
-999
-999
-999
-999
-999
-999
-999
-999
-999
-999
-999
-999
-999
-999
-999
-999
0
0
0
0
0
0
0
0
0
0.1
0
0
11.8
5.4
0
0
5.9
0.4
0
2.6
0
0
14.4
0
0
0
0
0
0
0
0
0
0
0
0
0
0
0
0
1.3
0
6.5
0.8
0
0
0
0
0
4.1
0
0
0
0
2.3
0
0
0
0
2.3
2.1
0
0.3
0.2
0
4.8
0
0
0
0
0
1.2
0
35.1
0
0.6
3.3
0.1
20.4
2.9
0
0.6
2.8
0.7
0
0
4.8
1.2
0
0
0
0
0.1
0
0
0.1
0.7
0.3
0
5.5
0
0
12.5
4.7
7.5
1
0
1
24.3
0
2.6
0.6
0
5
0
0.2
2
0
0
0.6
0.3
9.1
2
0
0
0
0
0
0
0
0
8
31
8
1.7
0
0
0
1.3
0
0
3
0.9
0
1.5
0
0.8
3.5
7.5
6.2
0
0
0
0.1
0
0
0
0
1
0.8
0
7.9
0
0
0
0
2.5
0
0
0
3.6
1.6
0
0
0
33.5
0
0
0.1
7.4
0
0
0.1
0
0
0
2
0
0
0
0
0
0
0
3.5
0.2
1.8
16.1
0
0
0
0
0
0
5.5
0.6
0
0
0
0
4
4.8
0
0
0
0
0.6
14.7
0.5
0
0
0
0
0
6
0
13
0
0
0
1.4
0
0
0
0
0
0
0
0
0
3.9
3.7
0
3
0
0
1.2
0
0
0
0
0.2
0
0
0
0
0
5
0
0
6
0
0
0
0
0
0
0
0
0
0
0
0.8
0
0
0
0
0
0
0
0
0
2.2
0
0
6.6
0
0
0
0
0
0
0
0
0
0
0
0
0
0
0
0
0
0
0
0
1.2
0
0
0
0
0
0
0
0
0
0
0
0
0
0
0
0
0
1.5
0
0
0
0
0
0
0
0
30.5
0
0
0
0
0
0
0
0
0
6
0
0
5.5
1
0
0
0
0
0
0
0
0
0
0
0
0
0
0
0.8
17.5
14
0
0
0.1
0
0
0
1.9
0
0
0
0
0
0
0
0
0
0
0
10.4
1.7
0
0
0
11.6
1
8.9
0
0
0.1
0.6
22.6
23.4
3
0
0.5
19.6
28
5.8
0
0
4.3
0.6
0
13.6
2.5
0
3.2
0.8
0.1
0
0
6.8
0
2.6
1
0
0
0
1.2
0
0
0
9
2
6.4
10
4.5
1
0
0
0
4
26.4
2.5
0
0
0
0.3
0
0.2
0
0
0
15
2.2
0
0.2
0
0
0
0
0.9
0
11.5
23
14.6
0.8
0
0
13.2
15.8
1.2
0
0
0
0
17.5
0.2
0
1
0
0
0
0
0
0
0.6
0.3
7.8
24
25.5
12.5
0
0.9
18.5
1.9
0.2
0.2
0
0
2.7
5
8.6
0.1
0.1
0.3
0
0
0
0
0
0
0
2.6
5
11.5
5.1
0
0
0
0
5.4
0
1.5
0
1.6
0.4
0
9
12
11.5
0
0
0
1.1
0.2
0
0
1.2
0
0
0
0
0
0
0
0
0
0
0
0
0
0
2
38.3
0.6
0
0
19.5
15.5
39.8
0.2
0
0
0
4
3.5
0
1.2
0.1
0
0
0
0
0
0
0
0.4
4.6
3.8
3.4
28.1
0
0
1.9
0.2
0
0
0
0
0
0
4.6
0.4
0
0
0
0
0
0
0
0
0
6.4
1
0.2
0
0
0
0
0
1.3
0.2
0
0
0
0
0
0
0.1
0
0
0
0
0
0
0
0
0
0
0
0
0
0
1.8
0
0.1
0
0
0
0
0
0
0
0
0
0
0
0
0
0
0
0
0
0
0
0
0
0
0
0
0
0
0
0
0
0
0
0
0
0
9
0
4.6
0
0
0
0
0
0
0
0
0
0
0
0
0
0
0
0
0
0
0
0
0
0
0
0
76.6
15
0
0
0
0
0
0
0
9.8
0
0
0
0
0
0
2.3
0
4.3
3.6
0
0
0
0
0
10
18.4
0.2
0
0
0
0
0
0
0.4
0
0
0
0
0
0
0
0
0
0
0.1
0
0
0
1.8
0
0
0
0
0
0
0
0
0
0
0
0
0
0
3
0
10.4
0
3.6
0
4
0.2
0
0
0
0
0.5
8
0.8
20.5
24
14.3
0
0
0
0
0
0
0
18.3
0.8
0
0
2.6
1.6
9.9
0.2
3
0
0
0
0.6
0
5.3
0
0
0
0
0.1
1.5
0.5
2.4
3
3.3
0.1
0
0
0
0
0.5
1.6
1.1
0
0
0
2.5
2.2
0
0
0
0.1
2.4
0
0
0.2
0
0
4
4.5
1
0
0
0.1
0
0
0
0
0
0
11.8
0.2
0.7
13.9
2.2
19.7
18.4
0
0
0
0.4
0
0.3
0
0
0
0
0
0.1
1.4
0
0
0.1
0.1
33.4
2
28
0.3
0.3
0
0
0
0
0
0
0
4.3
1.3
0.2
0.1
1.7
0
0
0
0
2.8
0.2
5.4
0.2
1.2
0.2
0
0
0
0
0
0
0
0
0
0
16
6.4
0.1
0.2
0
0
0
0
0.1
7.9
4
0
0
0
0.6
0
2.3
33
0.2
0
0
0.2
3.5
0
0
0
0
0
2
0.1
0
74.8
43.6
0.2
0
27.4
0
9.8
1.6
0
0
0
0
1.7
0
0
0
0
82.6
31.4
1.7
0.1
7
0.2
0
0.7
0
0
0
12.6
0.4
0
11.5
0
0
0
0
12.9
7.3
2.5
0
6.4
28.2
0
0
0
0
0
0.2
0
0
0
0
0
0
0
0
0
0
0
1.3
0
3.5
0
0
0
3.2
0
0
0.2
1.1
0.6
0
0
0
3.1
0
0
0
0
0
0
0
0
0
0
11.7
26.4
2.4
0
0
0
0
0
0
0
0
0
0
0
0.2
2.4
0
2
0
0
0
0
0.1
0
5.7
0.3
0.3
0.2
0
0
0
0
1.2
0
0
0
2
1.7
0
0
0
0.2
0
0
0
0
0
0
0
0
1.1
0
0
0
0
1.6
0
0
0
0
0
0
0
0
0
0
0
8.4
0
0
0
0
0
0
0
0
0
0
0
0.4
0
0
0
0
0
0
0
0
1.8
10.2
0
0
0
2
0.2
0
0
0
0
0
0
1.2
0.2
0.2
0
0
0
3.4
0.1
0
2.8
0
5
0.1
1.6
0.2
0.1
0.2
1.4
28.2
0.4
5.8
0
0
6.4
21.5
0.4
5.9
0
5.4
0.1
7.3
0
0
6
0.1
0.5
0
0
0
0
0.7
0.3
2.1
0.2
0.2
0.6
0.1
0.6
0.8
0.1
0
0
0.5
20.5
5.8
2.2
1.6
1.2
0.5
9.8
0.3
28.5
0
0.1
4.2
0.9
0.8
0
0
0.8
0
12
0.2
6.8
1.7
0
1.7
5.6
2.2
0
1.4
13.9
41.8
10.3
18.4
0.2
0
11
30.7
41.3
6.6
8.5
2.3
6.4
0.2
0
0
0
0
0
0
0
0
5
9.2
0.1
0.8
2.5
1
-999
13.4
0.3
0
2
1
1.7
1.9
0.6
0
0
27.6
1.3
6.7
101
6.4
0.7
0
0
0
17.9
0
0
0
0
0
0
0
0
54.9
32.6
0
16.6
82.1
5.2
2.6
0
1.2
0
0
0
9.5
5.1
0.2
4
15.5
0.1
0
0
0
5
50.6
16.2
0.2
0
0
0
0
0
0
18.1
0.1
1.9
1.4
1.5
3.3
0
0.2
1.8
0.8
0
0
1.3
0
0
0
0
0
0
4
1.7
15.5
1.1
0
0
0
0
0
4.3
0.9
0.2
0
0
0
0
2.2
0
0.1
0
0.6
0
0
6.2
0
2.4
0
0
1.7
0
0
0
0
0
0
7
0.7
0
0
0
0
0
0
0
0
0
0
0.8
0
0
0
0
0
0
0
7.6
2.6
0
0
0
0
0
0
0
0
0
0
0
0.4
0.2
0.1
0
0
0
0
0
0
0
0
0
0
0
0
0
0
0
0.4
0
0
0
0
0
0
0
0.4
0
5.6
1
105.6
119.3
6
5
0
0
0
0
0
0
0
0
0
0
12
3.6
0.4
0
0
0
0
0
2.5
0
0
0
0
0
7.2
0
0
0
0
0
1.2
0
0
0.1
0
0
0
0
0.7
0.4
1.5
1.5
0.1
0
0
0
0
0
0
0
0
0
0
0
0.2
0
0
0
0
0
0
0
0
0
0
0.9
0
0
1.9
0.6
0
0
0
11.4
5.8
1.2
0.9
0
0
0
0
0
15.6
8.2
0.3
1.4
26.1
0.2
0.6
2.8
0.1
0
0
0
0.6
0.2
9.6
0.5
0
0
0.1
14.9
0.2
0.4
7
0
0
0
1.6
9.6
14
6.8
0
1.5
1
0
0.5
22.1
11
0.5
0.1
0
0
0
0
0.1
0.1
0.1
0.2
1.7
0.4
1.2
0.1
12.6
0
0
0
10.4
0.1
0
0
8.8
0.2
0
4.3
2
12
0
0
0
0
0.1
0
0
0
32.6
0.1
0
1.9
0
4.8
0.2
0
3.4
9.9
0.3
0.3
0.1
0
0
0
0
0
0.7
7.4
9.7
34.6
2.2
0
0
0
0
0.7
15.1
19
0.2
0
0
0
0.1
17.4
0.1
0
0
0
0
0
0
0
40
40.5
0.1
0
0
0
7.4
5.6
0
0
0
0
16.4
0
0
0
0
17
2.4
0
0
0
0.4
4.2
2.6
0
0
9.7
8.9
0
0.6
8.8
6.4
9.1
16.4
0.1
0.2
0.1
0.3
0
0
0.4
0.9
0.2
0.2
0
0
3.7
0
0.6
0
0.2
0
4.6
20.2
0
0
0
0
0.4
0.1
0
0
4
7
107.7
16.4
0.1
0.1
0
3.2
0
1.1
7.3
0.2
10
0.2
0
0
0
0
0
0.7
0
15.2
0
0
1.5
0
0
0
4
0.2
0
0
0
4.2
1.6
0
0
0
0.2
0
6
0.2
0.3
0.3
0
0
0
0
0
0
0
0
0
0
0
0
3.7
0.5
2.8
12
2.7
6
0
0
0
0
0
0
0
0
0
0
14.4
9
34.6
0
0
0
0
0
0
0
0
0
0
0
0
3.7
0
0
0
18
9.7
0.3
0
0
0
0
8.6
0
0
0
0
0
0
0
0
0
0
31.1
47.3
0
0
0
0
0
0
0.8
0
17.6
9.2
0
0.1
44.2
0
0.6
0
0
3.2
0
0.4
0
0
0
0
0
0
0
0
0
0
0
0
10.4
0
0.1
0.5
0
0
0
0.2
0
0
1
0.2
0.1
0
0
3
0
0.4
1.2
29.4
11.1
0
0
0
0
0
0
2.4
3.4
0
0
1.5
0.2
0
2.6
0
0
0
0
0
15.7
0.2
0
0
0
0
0
0
39.2
16.6
0
0
3.2
13.7
3.2
19.3
45.6
0.9
0
0
0
0
0
0
5.6
2.3
1.7
0
0
0
0
0
0
0
0
0.4
0.6
0.1
3.8
8
0.4
5.8
16
23.2
12
3.8
0
0
0
0.8
0
0
0
19.2
0
0.1
12.3
9.8
42
72
8.8
38
0.1
0
0.1
5
0
0
0.3
0.1
0
0.6
3.5
40
5.8
0.2
2.8
0
1.2
4.3
1.5
0
0
0
3.6
0
0.1
0.1
0
0
0.3
1.4
0
0.4
36.5
0.1
0
0
0
0
0
0.3
25.8
0.1
0.1
0
3.1
0
0
0
0.2
0
0
0
12.4
1.6
1.2
9.2
0.1
0
0
0
0
2.5
0.1
0
9.2
0.8
0
0
0
0
0
9.4
0.2
5.4
36.8
0
0
11.6
37.3
10
0.2
0
3.8
29.8
3.5
0.3
0
0
0
0
0
10.8
0.3
0.2
0
0
1
0.3
0.1
0.8
7.6
0
1.4
1.8
0
0
0
0
12
0
0
0
1.2
0
0
4.7
34
1.2
5.5
0.8
0
0.1
0.3
9.2
0
0
0.3
0.6
0
11.4
0
0
3
0
0
178
33.9
0.6
0
0
0
0
0
0
0
0.1
0
0
0
0
0
0
0
0
0
0
0.1
0
0
13.5
0.3
0
0
0
2
0
17.4
2.8
0
0
7
0
0.1
0
0
0
0
0
0
9
0
0
0
0
0
0
0
0
0
0
0
0
0
0
0
0
0
0
0
0
0
0
0
0
0
0
0
0
0
0
0
0
0
0
0
0
0
0
0
0
0
0.2
20
0.2
0
0
0
0
0
0
0
0
0.4
1.5
0.3
0.3
0
0
0
0
0
0
0
0
0
0
0
0
40
0
0.2
2.1
0
0
0
0
0
0
0
0
0
0
0
0
0
22.6
4.5
0
0
0
0
0
0
0
0
0
0
0
0
0
1
0
0
0
5
4.5
0
1
0
0
0
5.3
2.4
0
0
0
0
0
0
0.3
0.4
0.3
1.1
4
0.2
9.1
0
0
0
0
3.2
5.2
6
0
0.2
1.4
0.8
0
0
27
1.2
0
0
0
0
5.2
0
0
0.5
0
0
0
2.3
0
2.4
0
0
1.4
0
0
0
0.3
0
0
0
0
0
0
0
0
1.2
0
2.4
10.7
3.1
65.4
0
0
0
0
17.8
0
0
0
0
4.1
25
51
1.4
0
0
0
0.6
0
0.6
3
0
32.5
0
0.8
1.5
0
0
2.1
0
1.7
0.2
10
0
0
0
0
0
2.2
0
0
0
1.2
0
0
0
2.5
2.7
3.9
0
0
0
65.8
4
0
0
0
0
0
10.3
0.3
1
0.2
1.9
0
0
0
0
0
0
0
0.2
0
0
6.5
31.2
127.5
0.1
26.9
1.4
1.6
0
0
0
0
28.9
0.2
0
0
0
0
4.4
8.7
0.1
0.7
0
0.5
0
0.6
0
0
0
0
0
0
0
0
0
0
0
0
0
4.5
19.9
0
0
0
0
0
0
0
0
1.5
0.6
14.7
0
0.3
0
0
2.7
0
0
0
0
0
0
0
0
0.1
0
0.2
4.5
0
0
0
0
0
0
0
0
0
0
0
0
17
0.1
0.3
14.5
0
0
0
0
0
0
0
3.1
0
0
0
0
0
0
0
0
14.6
0
2.4
13.5
0
0
0
0
2.8
0
0
0
0
0
0
0
0
0.1
0
0
0
0
0
0
0
56.6
0
0
0
0
0
0
0
0
0
0
0
0
0
0
0
0
15.3
2.5
0
0
0
0
0
0
0.4
0
0
0
0
0
0
0
0
0.5
0
0
0
0
0
0
0
0
0
0
0
0
0.4
0
0
2
0
0.2
0
0
0
0
0
0
0
0
0
0.4
0
0
0.1
0
0
0
0
0
0
0
0
0
0
0
6
0
5.7
0
0
0
0
0
0
44
0.2
0
0
0
0
0
0
0
1.6
0
0
0
0
0
0
0
0
0
0
2.6
0
0
0
0
23
0
2.7
0
0
0
0
0
0
0
0
1
0
0
0
0
0.9
0
0
0
3.3
1.5
1.5
28.8
4.4
0.2
0
11
24.5
52.5
65.3
1
0
0
0
0
0
0
0
6.2
0.6
0
1.1
1.1
0.1
0
0
0
0
0
19
7.2
0
2.5
0
0
0
0
0
0
0
0
0
1.5
9
10.8
0
0.2
19.2
0.1
7.7
2.1
11
0
0.9
35.5
5.4
10.5
0
0
0
0
0
0
7.4
18.4
70
35.5
21.2
3.1
1.7
0
7.9
6.2
0
27.2
0.6
0.1
18
6.1
0.1
0.1
0.2
0.2
3
0
0
0
35
14.5
11.7
30.9
38.4
2.8
0
0
0
0
0
0
0
0
1.6
14.4
4.2
0.4
0
0
0
2.6
2.5
0
0
0.5
0
0
5.4
0.3
0.7
0
80
0.6
0.6
13.2
3.4
1.8
0
1.8
0
0
36.5
6.8
0
0
0.6
0
0
0
26.2
0
0.4
0
0
33.5
0
0
0.2
0
0
0
0.2
0
0
1.2
14.2
0.2
1.7
0
0
0
0
6.8
21.3
38.8
4
0
0.1
0
0
0
3.6
33
2.6
0.1
0.4
0
0
0
0
0
0.6
0
0
0
4.5
0
0
5.1
0
0
0
0
0
12.3
1
0
0
0
0
4.1
23.1
2.2
7.2
0.3
0
0
0.1
0
34
1.4
0.8
0
0
0
0
0.4
0
0
0
0
75.6
18.3
0
0
0
0
0
0
0
0
0
0
3.8
0
0
0
0
0
0
0
0
0
0
0
0
0
0
0
0
0
0
0
0
0
0
0
0
0
0
0
0
0
0
0.8
0
0
0
0
0
0
0
0
0
18.9
0
0
0
0.3
0
0
0.2
0
0
0
0
0
0
0
0
0
0
0
0
0
0
0
0
0
0
0
0
0
0
0
0
0
0
17.7
0
0
0
0
0
0
0
0
0
0
0
0
0
0
0
0
0
0
0
0
0
0
2.1
0
0
2
0.2
0
0
14
16.6
21.5
6.4
0
0
0
0
0
0
0
0
0
0
0
0
0
0.4
1
0
1.2
0.3
0
18.8
0.7
0
0
0
0
0
0
0
6
10.8
2.8
0
2
0.2
1.1
0.1
7.2
0
2
0.1
5.5
0.1
0
0.1
0
0
3
1.6
7.4
0
0
0
0
0
0.1
22.5
0
0.7
54.6
26.8
12.8
0.8
0
0
1.8
0
0
0
0
8.9
0.8
0
0
4.2
1.7
0.2
0
0
28.8
1.5
2
21
0
0
4.1
0.4
0.3
5.3
0
0.1
29.5
6.6
0
0.3
0
14
0
0
0.9
0.5
1.9
1.2

